   234005	2017-05-19 15:09:54	1	1	1	0
   233078	2017-05-19 15:41:46	1	1	1	0
   233084	2017-05-19 15:41:53	1	1	1	0
   233087	2017-05-19 15:50:36	1	1	1	0
   233012	2017-05-19 15:52:20	1	1	1	0
   233014	2017-05-19 15:57:32	1	1	1	0
   233039	2017-05-19 16:01:56	1	1	1	0
   233082	2017-05-19 16:02:00	1	1	1	0
   233082	2017-05-19 16:02:02	1	1	1	0
   233001	2017-05-19 16:03:43	1	1	1	0
   233008	2017-05-19 16:05:25	1	1	1	0
   233003	2017-05-19 16:11:23	1	1	1	0
   231277	2017-05-19 16:18:05	1	1	1	0
   231236	2017-05-19 16:19:32	1	1	1	0
   233067	2017-05-19 16:20:57	1	1	1	0
   231036	2017-05-19 16:24:11	1	1	1	0
   233065	2017-05-19 16:31:57	1	0	1	0
   231237	2017-05-19 16:33:45	1	0	1	0
   231237	2017-05-19 16:33:47	1	0	1	0
   231196	2017-05-19 16:34:02	1	0	1	0
   231196	2017-05-19 16:34:03	1	0	1	0
   231281	2017-05-19 16:37:49	1	0	1	0
   231138	2017-05-19 16:40:13	1	0	1	0
   231039	2017-05-19 16:41:23	1	0	1	0
   231039	2017-05-19 16:41:25	1	0	1	0
   233013	2017-05-19 16:41:31	1	1	1	0
   231279	2017-05-19 16:42:13	1	1	1	0
   231279	2017-05-19 16:42:17	1	1	1	0
   233019	2017-05-19 16:52:14	1	1	1	0
   233089	2017-05-19 16:57:52	1	1	1	0
   232014	2017-05-19 16:59:21	1	1	1	0
   232001	2017-05-19 17:01:06	1	1	1	0
   232034	2017-05-19 17:01:18	1	1	1	0
   232011	2017-05-19 17:02:20	1	1	1	0
   233057	2017-05-19 17:03:55	1	1	1	0
   231209	2017-05-19 17:09:11	1	1	1	0
   231194	2017-05-19 17:09:16	1	1	1	0
   233057	2017-05-19 17:09:36	1	1	1	0
   231252	2017-05-19 17:11:05	1	1	1	0
   233086	2017-05-19 17:14:00	1	1	1	0
   233086	2017-05-19 17:14:02	1	1	1	0
   231231	2017-05-19 17:14:38	1	1	1	0
   233086	2017-05-19 17:15:40	1	1	1	0
   235006	2017-05-19 17:21:33	1	1	1	0
   231255	2017-05-19 17:21:44	1	1	1	0
   233070	2017-05-19 17:29:41	1	1	1	0
   233077	2017-05-19 17:37:47	1	1	1	0
   231048	2017-05-19 17:40:49	1	1	1	0
   231101	2017-05-19 17:58:29	1	1	1	0
   234006	2017-05-19 18:01:47	1	0	1	0
   231180	2017-05-19 18:02:12	1	0	1	0
   233080	2017-05-19 18:03:23	1	1	1	0
   231187	2017-05-19 18:05:28	1	1	1	0
   231096	2017-05-19 18:14:37	1	1	1	0
   233088	2017-05-19 18:37:04	1	0	1	0
   233073	2017-05-19 18:44:58	1	0	1	0
   233069	2017-05-19 18:50:14	1	0	1	0
   233045	2017-05-19 18:51:44	1	0	1	0
   233043	2017-05-19 18:59:25	1	0	1	0
   233055	2017-05-19 19:06:42	1	1	1	0
   233074	2017-05-19 19:07:14	1	1	1	0
   233037	2017-05-19 19:35:44	1	1	1	0
   233068	2017-05-19 19:48:10	1	1	1	0
   234001	2017-05-19 19:49:38	1	1	1	0
   233037	2017-05-19 20:08:14	1	1	1	0
   232025	2017-05-19 20:14:46	1	1	1	0
   232019	2017-05-19 20:15:33	1	1	1	0
   232006	2017-05-19 20:20:49	1	1	1	0
   232039	2017-05-19 20:22:00	1	1	1	0
   232030	2017-05-19 20:22:06	1	1	1	0
   233051	2017-05-19 20:22:16	1	1	1	0
   234005	2017-05-19 21:52:22	1	0	1	0
   233065	2017-05-19 22:30:29	1	0	1	0
   233065	2017-05-19 22:30:39	1	1	1	0
   233043	2017-05-19 22:30:48	1	1	1	0
   233089	2017-05-19 22:31:19	1	1	1	0
   233088	2017-05-19 22:31:33	1	1	1	0
   233069	2017-05-19 22:31:47	1	1	1	0
   233045	2017-05-19 22:32:05	1	1	1	0
   233073	2017-05-19 22:32:11	1	1	1	0
   234006	2017-05-20 06:06:12	1	1	1	0
   234007	2017-05-20 06:16:21	1	0	1	0
   233003	2017-05-20 06:34:13	1	0	1	0
   233008	2017-05-20 06:35:04	1	0	1	0
   233068	2017-05-20 06:38:06	1	0	1	0
   233086	2017-05-20 06:52:27	1	0	1	0
   233087	2017-05-20 06:54:50	1	0	1	0
   233084	2017-05-20 06:57:59	1	0	1	0
   233084	2017-05-20 06:58:02	1	0	1	0
   233082	2017-05-20 06:58:20	1	0	1	0
   233001	2017-05-20 07:03:18	1	0	1	0
   233039	2017-05-20 07:09:01	1	0	1	0
   233013	2017-05-20 07:09:14	1	0	1	0
   233080	2017-05-20 07:09:19	1	0	1	0
   231277	2017-05-20 07:13:40	1	0	1	0
   233077	2017-05-20 07:14:33	1	0	1	0
   233012	2017-05-20 07:15:15	1	0	1	0
   233057	2017-05-20 07:15:25	1	0	1	0
   233067	2017-05-20 07:16:01	1	0	1	0
   231281	2017-05-20 07:19:12	1	0	1	0
   231097	2017-05-20 07:19:44	1	0	1	0
   231279	2017-05-20 07:20:09	1	0	1	0
   231237	2017-05-20 07:24:09	1	0	1	0
   231237	2017-05-20 07:24:11	1	0	1	0
   231236	2017-05-20 07:24:46	1	0	1	0
   231036	2017-05-20 07:24:53	1	0	1	0
   233078	2017-05-20 07:25:50	1	0	1	0
   231038	2017-05-20 07:26:11	1	0	1	0
   233070	2017-05-20 07:26:43	1	0	1	0
   231187	2017-05-20 07:30:13	1	0	1	0
   231039	2017-05-20 07:30:45	1	0	1	0
   231138	2017-05-20 07:31:47	1	0	1	0
   233014	2017-05-20 07:35:50	1	0	1	0
   231138	2017-05-20 07:37:43	1	0	1	0
   231039	2017-05-20 07:38:00	1	0	1	0
   231039	2017-05-20 07:38:02	1	0	1	0
   231196	2017-05-20 07:39:05	1	0	1	0
   231196	2017-05-20 07:39:07	1	0	1	0
   231101	2017-05-20 07:43:23	1	0	1	0
   231056	2017-05-20 07:43:29	1	0	1	0
   231252	2017-05-20 07:46:15	1	0	1	0
   231255	2017-05-20 07:47:40	1	0	1	0
   235006	2017-05-20 07:51:38	1	0	1	0
   234003	2017-05-20 07:54:23	1	0	1	0
   234003	2017-05-20 07:54:36	1	0	1	0
   234005	2017-05-20 07:55:29	1	1	1	0
   234005	2017-05-20 07:55:31	1	1	1	0
   234001	2017-05-20 07:58:38	1	1	1	0
   231048	2017-05-20 08:01:39	1	1	1	0
   231209	2017-05-20 08:02:23	1	1	1	0
   233019	2017-05-20 08:04:36	1	1	1	0
   233019	2017-05-20 08:04:46	1	0	1	0
   231096	2017-05-20 08:07:00	1	0	1	0
   231194	2017-05-20 08:07:20	1	0	1	0
   232011	2017-05-20 08:09:03	1	0	1	0
   232034	2017-05-20 08:11:06	1	0	1	0
   232001	2017-05-20 08:12:46	1	0	1	0
   232014	2017-05-20 08:12:52	1	0	1	0
   232006	2017-05-20 09:46:19	1	0	1	0
   232006	2017-05-20 09:46:21	1	0	1	0
   232025	2017-05-20 10:08:19	1	0	1	0
   233074	2017-05-20 10:09:11	1	0	1	0
   232030	2017-05-20 10:09:50	1	0	1	0
   232019	2017-05-20 10:10:13	1	0	1	0
   232039	2017-05-20 10:14:55	1	0	1	0
   233051	2017-05-20 10:15:26	1	0	1	0
   233001	2017-05-20 13:05:39	1	1	1	0
   234007	2017-05-20 13:19:30	1	1	1	0
   232014	2017-05-20 13:31:35	1	1	1	0
   231236	2017-05-20 13:38:00	1	1	1	0
   231279	2017-05-20 13:41:10	1	1	1	0
   231279	2017-05-20 13:41:14	1	1	1	0
   231277	2017-05-20 13:48:08	1	1	1	0
   231196	2017-05-20 13:55:27	1	1	1	0
   231196	2017-05-20 13:55:29	1	1	1	0
   231281	2017-05-20 13:56:02	1	1	1	0
   231285	2017-05-20 14:05:38	1	1	1	0
   231138	2017-05-20 14:05:49	1	1	1	0
   233040	2017-05-20 14:09:45	1	0	1	0
   231237	2017-05-20 14:12:14	1	0	1	0
   232001	2017-05-20 14:12:28	1	1	1	0
   233057	2017-05-20 14:14:37	1	1	1	0
   233055	2017-05-20 14:19:14	1	1	1	0
   231036	2017-05-20 14:25:13	1	1	1	0
   233014	2017-05-20 14:26:27	1	1	1	0
   233039	2017-05-20 14:26:30	1	1	1	0
   231252	2017-05-20 14:29:47	1	1	1	0
   233012	2017-05-20 14:37:09	1	1	1	0
   233082	2017-05-20 14:37:56	1	1	1	0
   233037	2017-05-20 14:38:13	1	1	1	0
   233019	2017-05-20 14:39:43	1	1	1	0
   233065	2017-05-20 14:47:20	1	0	1	0
   231038	2017-05-20 14:50:01	1	0	1	0
   233013	2017-05-20 14:50:30	1	1	1	0
   233003	2017-05-20 14:51:17	1	1	1	0
   233067	2017-05-20 14:52:02	1	1	1	0
   233088	2017-05-20 14:55:45	1	0	1	0
   233073	2017-05-20 14:58:51	1	0	1	0
   231209	2017-05-20 15:02:14	1	0	1	0
   231194	2017-05-20 15:02:25	1	0	1	0
   233069	2017-05-20 15:04:26	1	0	1	0
   231187	2017-05-20 15:05:31	1	1	1	0
   233043	2017-05-20 15:08:18	1	0	1	0
   231096	2017-05-20 15:13:41	1	0	1	0
   233074	2017-05-20 15:18:17	1	0	1	0
   233074	2017-05-20 15:18:27	1	1	1	0
   231255	2017-05-20 15:18:52	1	1	1	0
   231255	2017-05-20 15:18:54	1	1	1	0
   231101	2017-05-20 15:19:11	1	1	1	0
   233083	2017-05-20 15:20:05	1	1	1	0
   232027	2017-05-20 15:21:40	1	0	1	0
   231097	2017-05-20 15:21:47	1	0	1	0
   232027	2017-05-20 15:21:58	1	1	1	0
   233080	2017-05-20 15:22:03	1	1	1	0
   233045	2017-05-20 15:25:57	1	0	1	0
   232011	2017-05-20 15:28:51	1	0	1	0
   231039	2017-05-20 15:30:58	1	0	1	0
   235006	2017-05-20 15:31:17	1	5	1	0
   233087	2017-05-20 15:43:24	1	1	1	0
   231039	2017-05-20 15:44:33	1	1	1	0
   231039	2017-05-20 15:44:35	1	1	1	0
   233089	2017-05-20 15:46:11	1	1	1	0
   233084	2017-05-20 15:52:43	1	1	1	0
   233078	2017-05-20 15:55:59	1	1	1	0
   234006	2017-05-20 16:01:10	1	0	1	0
   234003	2017-05-20 16:04:59	1	1	1	0
   231048	2017-05-20 16:09:04	1	1	1	0
   233077	2017-05-20 16:10:39	1	1	1	0
   233086	2017-05-20 16:11:36	1	1	1	0
   233086	2017-05-20 16:11:40	1	1	1	0
   233008	2017-05-20 16:31:06	1	1	1	0
   233070	2017-05-20 17:11:34	1	1	1	0
   231180	2017-05-20 17:17:11	1	1	1	0
   233068	2017-05-20 17:18:22	1	1	1	0
   234001	2017-05-20 17:26:48	1	1	1	0
   232019	2017-05-20 17:37:36	1	1	1	0
   232006	2017-05-20 18:06:08	1	1	1	0
   232025	2017-05-20 18:18:50	1	1	1	0
   232039	2017-05-20 18:32:10	1	1	1	0
   232030	2017-05-20 18:32:23	1	1	1	0
   233051	2017-05-20 18:32:25	1	1	1	0
   233051	2017-05-20 18:51:26	1	1	1	0
   233040	2017-05-20 19:58:09	1	1	1	0
   233043	2017-05-20 20:27:51	1	1	1	0
   233088	2017-05-20 20:27:58	1	1	1	0
   233069	2017-05-20 20:28:03	1	1	1	0
   233073	2017-05-20 20:28:13	1	1	1	0
   233065	2017-05-20 20:28:53	1	1	1	0
   233045	2017-05-20 20:29:04	1	1	1	0
   233089	2017-05-20 20:29:13	1	1	1	0
   234006	2017-05-21 06:07:08	1	1	1	0
   234003	2017-05-21 08:00:30	1	0	1	0
   234004	2017-05-21 08:03:54	1	1	1	0
   234005	2017-05-21 16:27:39	1	0	1	0
   234007	2017-05-22 06:16:21	1	0	1	0
   234005	2017-05-22 06:20:29	1	1	1	0
   233003	2017-05-22 06:41:33	1	0	1	0
   233003	2017-05-22 06:41:35	1	0	1	0
   233001	2017-05-22 06:44:37	1	0	1	0
   233008	2017-05-22 06:45:36	1	0	1	0
   233082	2017-05-22 06:50:02	1	0	1	0
   233087	2017-05-22 06:51:44	1	0	1	0
   233084	2017-05-22 06:59:20	1	0	1	0
   233084	2017-05-22 06:59:24	1	0	1	0
   233086	2017-05-22 06:59:32	1	0	1	0
   233086	2017-05-22 06:59:34	1	0	1	0
   231097	2017-05-22 07:09:49	1	0	1	0
   233057	2017-05-22 07:10:45	1	0	1	0
   231036	2017-05-22 07:11:37	1	0	1	0
   233080	2017-05-22 07:11:55	1	0	1	0
   233039	2017-05-22 07:12:10	1	0	1	0
   233012	2017-05-22 07:13:57	1	0	1	0
   231187	2017-05-22 07:14:19	1	0	1	0
   233037	2017-05-22 07:16:21	1	0	1	0
   231277	2017-05-22 07:18:44	1	0	1	0
   231279	2017-05-22 07:22:54	1	0	1	0
   231279	2017-05-22 07:22:58	1	0	1	0
   233077	2017-05-22 07:23:42	1	0	1	0
   233083	2017-05-22 07:23:58	1	0	1	0
   231196	2017-05-22 07:30:12	1	0	1	0
   231196	2017-05-22 07:30:14	1	0	1	0
   231236	2017-05-22 07:31:34	1	0	1	0
   233078	2017-05-22 07:31:39	1	0	1	0
   231281	2017-05-22 07:33:15	1	0	1	0
   233014	2017-05-22 07:33:22	1	0	1	0
   231237	2017-05-22 07:34:00	1	0	1	0
   231237	2017-05-22 07:34:02	1	0	1	0
   233013	2017-05-22 07:38:04	1	0	1	0
   233067	2017-05-22 07:38:11	1	0	1	0
   231056	2017-05-22 07:39:49	1	0	1	0
   233070	2017-05-22 07:40:01	1	0	1	0
   231138	2017-05-22 07:41:40	1	0	1	0
   231039	2017-05-22 07:44:30	1	0	1	0
   231039	2017-05-22 07:44:32	1	0	1	0
   231038	2017-05-22 07:46:31	1	0	1	0
   231252	2017-05-22 07:50:02	1	0	1	0
   231285	2017-05-22 07:52:14	1	0	1	0
   231180	2017-05-22 07:52:31	1	0	1	0
   231255	2017-05-22 07:53:04	1	0	1	0
   231048	2017-05-22 07:54:50	1	0	1	0
   231194	2017-05-22 07:55:03	1	0	1	0
   231101	2017-05-22 07:55:16	1	0	1	0
   234004	2017-05-22 08:00:02	1	0	1	0
   233019	2017-05-22 08:00:13	1	0	1	0
   235006	2017-05-22 08:02:46	1	0	1	0
   231209	2017-05-22 08:04:04	1	0	1	0
   231096	2017-05-22 08:04:43	1	0	1	0
   232027	2017-05-22 08:05:18	1	0	1	0
   231278	2017-05-22 08:06:24	1	0	1	0
   234001	2017-05-22 08:07:57	1	0	1	0
   231231	2017-05-22 08:09:09	1	0	1	0
   231280	2017-05-22 08:09:24	1	0	1	0
   232011	2017-05-22 08:10:06	1	0	1	0
   232034	2017-05-22 08:14:53	1	0	1	0
   231273	2017-05-22 08:18:55	1	0	1	0
   232001	2017-05-22 08:19:44	1	0	1	0
   232014	2017-05-22 08:22:57	1	0	1	0
   234003	2017-05-22 08:39:37	1	1	1	0
   234018	2017-05-22 10:08:58	1	0	1	0
   232019	2017-05-22 10:12:56	1	0	1	0
   233074	2017-05-22 10:14:20	1	0	1	0
   232006	2017-05-22 12:52:35	1	0	1	0
   232039	2017-05-22 13:03:44	1	0	1	0
   233051	2017-05-22 13:11:17	1	0	1	0
   232030	2017-05-22 13:13:58	1	0	1	0
   232025	2017-05-22 13:26:48	1	0	1	0
   233086	2017-05-22 15:35:32	1	0	1	0
   233086	2017-05-22 15:35:34	1	0	1	0
   233086	2017-05-22 15:35:50	1	1	1	0
   233057	2017-05-22 15:35:55	1	1	1	0
   233080	2017-05-22 15:39:45	1	1	1	0
   234007	2017-05-22 15:39:55	1	1	1	0
   233001	2017-05-22 15:54:38	1	1	1	0
   233003	2017-05-22 15:56:02	1	1	1	0
   232014	2017-05-22 16:00:08	1	1	1	0
   234004	2017-05-22 16:02:15	1	1	1	0
   233067	2017-05-22 16:12:31	1	1	1	0
   233070	2017-05-22 16:13:29	1	1	1	0
   233086	2017-05-22 16:26:44	1	1	1	0
   231237	2017-05-22 16:28:04	1	1	1	0
   231237	2017-05-22 16:28:07	1	1	1	0
   231236	2017-05-22 16:33:22	1	1	1	0
   231279	2017-05-22 16:33:39	1	1	1	0
   231279	2017-05-22 16:33:43	1	1	1	0
   231277	2017-05-22 16:36:57	1	1	1	0
   233065	2017-05-22 16:37:09	1	0	1	0
   231236	2017-05-22 16:38:43	1	0	1	0
   233083	2017-05-22 16:41:22	1	0	1	0
   233078	2017-05-22 16:43:02	1	1	1	0
   233037	2017-05-22 16:43:13	1	1	1	0
   231196	2017-05-22 16:43:24	1	1	1	0
   231036	2017-05-22 16:44:30	1	1	1	0
   233012	2017-05-22 16:46:16	1	1	1	0
   233019	2017-05-22 16:46:33	1	1	1	0
   231252	2017-05-22 16:52:59	1	1	1	0
   232027	2017-05-22 17:00:21	1	1	1	0
   232001	2017-05-22 17:00:25	1	1	1	0
   232034	2017-05-22 17:00:30	1	1	1	0
   233019	2017-05-22 17:02:05	1	1	1	0
   232011	2017-05-22 17:02:14	1	1	1	0
   231039	2017-05-22 17:04:45	1	1	1	0
   231039	2017-05-22 17:04:48	1	1	1	0
   233089	2017-05-22 17:06:54	1	1	1	0
   231138	2017-05-22 17:12:20	1	1	1	0
   231279	2017-05-22 17:12:55	1	1	1	0
   235006	2017-05-22 17:16:10	1	1	1	0
   231255	2017-05-22 17:22:14	1	1	1	0
   231038	2017-05-22 17:28:49	1	1	1	0
   231038	2017-05-22 17:28:52	1	1	1	0
   231209	2017-05-22 17:29:11	1	1	1	0
   231285	2017-05-22 17:33:06	1	1	1	0
   231281	2017-05-22 17:33:55	1	1	1	0
   231097	2017-05-22 17:39:27	1	1	1	0
   231048	2017-05-22 17:41:50	1	1	1	0
   231101	2017-05-22 17:51:06	1	1	1	0
   231194	2017-05-22 17:52:58	1	1	1	0
   233082	2017-05-22 18:04:34	1	1	1	0
   233039	2017-05-22 18:04:39	1	1	1	0
   233040	2017-05-22 18:08:56	1	0	1	0
   231096	2017-05-22 18:23:05	1	0	1	0
   231039	2017-05-22 18:24:22	1	0	1	0
   231039	2017-05-22 18:24:24	1	0	1	0
   231039	2017-05-22 18:26:18	1	0	1	0
   231039	2017-05-22 18:26:20	1	0	1	0
   234005	2017-05-22 18:27:33	1	0	1	0
   234005	2017-05-22 18:27:35	1	0	1	0
   233088	2017-05-22 18:36:19	1	0	1	0
   231180	2017-05-22 18:38:12	1	1	1	0
   231187	2017-05-22 18:38:18	1	1	1	0
   234018	2017-05-22 18:39:02	1	1	1	0
   233074	2017-05-22 18:43:51	1	1	1	0
   233077	2017-05-22 18:45:23	1	1	1	0
   233043	2017-05-22 18:55:25	1	0	1	0
   233073	2017-05-22 18:55:33	1	0	1	0
   233045	2017-05-22 18:55:45	1	0	1	0
   233069	2017-05-22 18:56:37	1	0	1	0
   233008	2017-05-22 19:03:35	1	1	1	0
   233087	2017-05-22 19:42:15	1	1	1	0
   233087	2017-05-22 19:42:21	1	1	1	0
   234001	2017-05-22 19:43:55	1	1	1	0
   233084	2017-05-22 20:02:25	1	1	1	0
   233084	2017-05-22 20:02:28	1	1	1	0
   234003	2017-05-22 20:07:07	1	0	1	0
   232019	2017-05-22 20:08:46	1	0	1	0
   232006	2017-05-22 20:50:34	1	1	1	0
   232025	2017-05-22 21:12:52	1	1	1	0
   232039	2017-05-22 21:15:18	1	1	1	0
   232030	2017-05-22 21:15:24	1	1	1	0
   233051	2017-05-22 21:15:28	1	1	1	0
   233073	2017-05-23 02:21:21	1	1	1	0
   233069	2017-05-23 02:21:26	1	1	1	0
   233088	2017-05-23 02:22:05	1	1	1	0
   233040	2017-05-23 02:22:19	1	1	1	0
   233043	2017-05-23 02:22:27	1	1	1	0
   233045	2017-05-23 02:22:36	1	1	1	0
   233089	2017-05-23 02:25:44	1	1	1	0
   233065	2017-05-23 02:25:57	1	1	1	0
   234007	2017-05-23 06:16:05	1	0	1	0
   233003	2017-05-23 06:37:41	1	0	1	0
   233082	2017-05-23 06:47:53	1	0	1	0
   233082	2017-05-23 06:47:55	1	0	1	0
   233087	2017-05-23 06:51:53	1	0	1	0
   233086	2017-05-23 06:53:16	1	0	1	0
   233086	2017-05-23 06:53:20	1	0	1	0
   233057	2017-05-23 06:53:33	1	0	1	0
   233008	2017-05-23 06:53:38	1	0	1	0
   233039	2017-05-23 06:55:48	1	0	1	0
   233084	2017-05-23 06:57:44	1	0	1	0
   233084	2017-05-23 06:57:46	1	0	1	0
   233001	2017-05-23 07:00:10	1	0	1	0
   233068	2017-05-23 07:04:14	1	0	1	0
   233080	2017-05-23 07:12:08	1	0	1	0
   231038	2017-05-23 07:17:26	1	0	1	0
   233078	2017-05-23 07:18:09	1	0	1	0
   233037	2017-05-23 07:18:44	1	0	1	0
   231036	2017-05-23 07:19:25	1	0	1	0
   233014	2017-05-23 07:20:30	1	0	1	0
   233077	2017-05-23 07:21:04	1	0	1	0
   231277	2017-05-23 07:22:44	1	0	1	0
   233083	2017-05-23 07:23:02	1	0	1	0
   231279	2017-05-23 07:26:01	1	0	1	0
   231279	2017-05-23 07:26:05	1	0	1	0
   231237	2017-05-23 07:28:12	1	0	1	0
   233013	2017-05-23 07:28:16	1	0	1	0
   233067	2017-05-23 07:28:26	1	0	1	0
   233012	2017-05-23 07:29:36	1	0	1	0
   231097	2017-05-23 07:30:24	1	0	1	0
   231187	2017-05-23 07:33:10	1	0	1	0
   233070	2017-05-23 07:34:11	1	0	1	0
   231236	2017-05-23 07:34:16	1	0	1	0
   231281	2017-05-23 07:37:36	1	0	1	0
   231101	2017-05-23 07:37:52	1	0	1	0
   231101	2017-05-23 07:37:54	1	0	1	0
   231196	2017-05-23 07:38:06	1	0	1	0
   233055	2017-05-23 07:39:26	1	0	1	0
   231138	2017-05-23 07:40:14	1	0	1	0
   231252	2017-05-23 07:42:26	1	0	1	0
   231056	2017-05-23 07:46:15	1	0	1	0
   231039	2017-05-23 07:50:21	1	0	1	0
   231039	2017-05-23 07:50:37	1	0	1	0
   231039	2017-05-23 07:50:39	1	0	1	0
   231194	2017-05-23 07:51:03	1	0	1	0
   231048	2017-05-23 07:53:01	1	0	1	0
   231096	2017-05-23 07:55:24	1	0	1	0
   231180	2017-05-23 07:58:00	1	0	1	0
   232001	2017-05-23 07:59:03	1	0	1	0
   233019	2017-05-23 08:01:28	1	0	1	0
   235006	2017-05-23 08:02:27	1	0	1	0
   231209	2017-05-23 08:03:16	1	0	1	0
   234004	2017-05-23 08:05:17	1	0	1	0
   234003	2017-05-23 08:05:30	1	1	1	0
   232027	2017-05-23 08:08:35	1	0	1	0
   232034	2017-05-23 08:09:22	1	0	1	0
   232011	2017-05-23 08:11:32	1	0	1	0
   231255	2017-05-23 08:13:11	1	0	1	0
   234001	2017-05-23 08:14:01	1	0	1	0
   232014	2017-05-23 08:28:18	1	0	1	0
   233074	2017-05-23 10:00:44	1	0	1	0
   232019	2017-05-23 10:10:17	1	0	1	0
   234018	2017-05-23 10:12:11	1	0	1	0
   232006	2017-05-23 12:51:30	1	0	1	0
   232006	2017-05-23 12:53:10	1	0	1	0
   233051	2017-05-23 13:03:45	1	0	1	0
   232039	2017-05-23 13:05:05	1	0	1	0
   232025	2017-05-23 13:05:46	1	0	1	0
   232030	2017-05-23 13:17:29	1	0	1	0
   233001	2017-05-23 16:02:31	1	1	1	0
   233055	2017-05-23 16:02:41	1	1	1	0
   233068	2017-05-23 16:03:56	1	1	1	0
   233086	2017-05-23 16:04:35	1	1	1	0
   233067	2017-05-23 16:11:06	1	1	1	0
   231196	2017-05-23 16:11:27	1	1	1	0
   233039	2017-05-23 16:16:14	1	1	1	0
   233057	2017-05-23 16:23:38	1	1	1	0
   232014	2017-05-23 16:23:46	1	1	1	0
   231036	2017-05-23 16:23:48	1	1	1	0
   231138	2017-05-23 16:23:55	1	1	1	0
   231252	2017-05-23 16:24:46	1	1	1	0
   233019	2017-05-23 16:26:24	1	1	1	0
   233086	2017-05-23 16:27:17	1	1	1	0
   233065	2017-05-23 16:39:12	1	0	1	0
   233013	2017-05-23 16:39:27	1	1	1	0
   231285	2017-05-23 16:45:58	1	1	1	0
   231237	2017-05-23 16:46:23	1	1	1	0
   231237	2017-05-23 16:46:26	1	1	1	0
   233083	2017-05-23 16:47:52	1	1	1	0
   232034	2017-05-23 16:58:07	1	1	1	0
   232027	2017-05-23 16:58:28	1	1	1	0
   232001	2017-05-23 16:58:37	1	1	1	0
   232027	2017-05-23 16:59:05	1	1	1	0
   232034	2017-05-23 17:00:03	1	1	1	0
   232027	2017-05-23 17:00:06	1	1	1	0
   232001	2017-05-23 17:00:09	1	1	1	0
   233089	2017-05-23 17:00:40	1	0	1	0
   231180	2017-05-23 17:02:24	1	1	1	0
   233078	2017-05-23 17:02:44	1	1	1	0
   235006	2017-05-23 17:04:23	1	1	1	0
   232011	2017-05-23 17:05:18	1	1	1	0
   231194	2017-05-23 17:05:33	1	1	1	0
   231096	2017-05-23 17:05:42	1	1	1	0
   231255	2017-05-23 17:06:14	1	1	1	0
   231279	2017-05-23 17:07:31	1	1	1	0
   231279	2017-05-23 17:07:35	1	1	1	0
   231236	2017-05-23 17:09:44	1	1	1	0
   231277	2017-05-23 17:10:42	1	1	1	0
   231209	2017-05-23 17:14:50	1	1	1	0
   231187	2017-05-23 17:15:53	1	1	1	0
   233003	2017-05-23 17:18:05	1	1	1	0
   233070	2017-05-23 17:23:33	1	1	1	0
   233012	2017-05-23 17:24:31	1	1	1	0
   231101	2017-05-23 17:26:05	1	1	1	0
   231281	2017-05-23 17:31:28	1	1	1	0
   233014	2017-05-23 17:34:08	1	1	1	0
   233014	2017-05-23 17:34:15	1	1	1	0
   231048	2017-05-23 17:37:11	1	1	1	0
   231039	2017-05-23 17:39:33	1	1	1	0
   231039	2017-05-23 17:39:35	1	1	1	0
   231097	2017-05-23 17:39:41	1	1	1	0
   231096	2017-05-23 17:42:38	1	1	1	0
   231038	2017-05-23 17:47:45	1	1	1	0
   231053	2017-05-23 17:52:49	1	1	1	0
   234003	2017-05-23 17:58:33	1	0	1	0
   233080	2017-05-23 18:08:59	1	1	1	0
   233040	2017-05-23 18:09:56	1	0	1	0
   234018	2017-05-23 18:12:25	1	1	1	0
   231096	2017-05-23 18:39:09	1	1	1	0
   233073	2017-05-23 18:51:02	1	0	1	0
   233043	2017-05-23 18:53:16	1	0	1	0
   233069	2017-05-23 18:55:26	1	0	1	0
   233045	2017-05-23 18:57:22	1	0	1	0
   233074	2017-05-23 19:00:27	1	0	1	0
   233088	2017-05-23 19:12:14	1	0	1	0
   233082	2017-05-23 19:24:51	1	0	1	0
   233087	2017-05-23 19:37:52	1	1	1	0
   233087	2017-05-23 19:37:55	1	1	1	0
   233084	2017-05-23 19:38:03	1	1	1	0
   233084	2017-05-23 19:38:06	1	1	1	0
   233084	2017-05-23 19:38:08	1	1	1	0
   234001	2017-05-23 19:42:05	1	1	1	0
   233077	2017-05-23 20:04:05	1	1	1	0
   233008	2017-05-23 20:24:33	1	1	1	0
   233037	2017-05-23 20:41:48	1	0	1	0
   232039	2017-05-23 21:02:03	1	0	1	0
   232019	2017-05-23 21:02:23	1	0	1	0
   232030	2017-05-23 21:02:27	1	0	1	0
   232006	2017-05-23 21:02:46	1	0	1	0
   233051	2017-05-23 21:03:05	1	0	1	0
   233051	2017-05-23 21:03:15	1	1	1	0
   232025	2017-05-23 21:09:02	1	1	1	0
   233040	2017-05-23 23:40:53	1	1	1	0
   233088	2017-05-23 23:45:00	1	1	1	0
   233073	2017-05-23 23:45:28	1	1	1	0
   233045	2017-05-23 23:46:11	1	1	1	0
   233069	2017-05-23 23:46:25	1	1	1	0
   233043	2017-05-23 23:48:07	1	1	1	0
   233089	2017-05-23 23:50:30	1	1	1	0
   233065	2017-05-23 23:51:01	1	1	1	0
   234003	2017-05-24 06:09:11	1	1	1	0
   234007	2017-05-24 06:26:59	1	0	1	0
   233003	2017-05-24 06:37:37	1	0	1	0
   233008	2017-05-24 06:48:30	1	0	1	0
   233086	2017-05-24 06:51:43	1	0	1	0
   233086	2017-05-24 06:51:48	1	0	1	0
   233082	2017-05-24 06:53:20	1	0	1	0
   233082	2017-05-24 06:53:22	1	0	1	0
   233057	2017-05-24 06:53:43	1	0	1	0
   233084	2017-05-24 06:59:11	1	0	1	0
   233084	2017-05-24 06:59:17	1	0	1	0
   233001	2017-05-24 06:59:25	1	0	1	0
   233087	2017-05-24 07:00:32	1	0	1	0
   233055	2017-05-24 07:01:22	1	0	1	0
   233039	2017-05-24 07:06:54	1	0	1	0
   231036	2017-05-24 07:12:57	1	0	1	0
   233083	2017-05-24 07:15:15	1	0	1	0
   233068	2017-05-24 07:15:24	1	0	1	0
   233037	2017-05-24 07:15:34	1	0	1	0
   233067	2017-05-24 07:16:22	1	0	1	0
   233080	2017-05-24 07:18:05	1	0	1	0
   231039	2017-05-24 07:19:07	1	0	1	0
   231097	2017-05-24 07:19:20	1	0	1	0
   231277	2017-05-24 07:21:37	1	0	1	0
   233077	2017-05-24 07:22:39	1	0	1	0
   233078	2017-05-24 07:24:50	1	0	1	0
   233012	2017-05-24 07:27:54	1	0	1	0
   231236	2017-05-24 07:28:45	1	0	1	0
   233013	2017-05-24 07:28:51	1	0	1	0
   231237	2017-05-24 07:30:33	1	0	1	0
   231279	2017-05-24 07:30:39	1	0	1	0
   231196	2017-05-24 07:32:16	1	0	1	0
   233014	2017-05-24 07:33:02	1	0	1	0
   231038	2017-05-24 07:37:48	1	0	1	0
   233070	2017-05-24 07:38:50	1	0	1	0
   231187	2017-05-24 07:40:13	1	0	1	0
   231281	2017-05-24 07:42:07	1	0	1	0
   231101	2017-05-24 07:42:24	1	0	1	0
   231101	2017-05-24 07:42:26	1	0	1	0
   231252	2017-05-24 07:44:52	1	0	1	0
   231138	2017-05-24 07:46:21	1	0	1	0
   231048	2017-05-24 07:48:20	1	0	1	0
   231048	2017-05-24 07:50:33	1	0	1	0
   231056	2017-05-24 07:51:24	1	0	1	0
   231180	2017-05-24 07:52:04	1	0	1	0
   232014	2017-05-24 07:52:43	1	0	1	0
   233019	2017-05-24 07:54:30	1	0	1	0
   231255	2017-05-24 07:57:23	1	0	1	0
   231194	2017-05-24 07:59:45	1	0	1	0
   234006	2017-05-24 07:59:50	1	0	1	0
   231209	2017-05-24 08:05:45	1	0	1	0
   235006	2017-05-24 08:05:51	1	0	1	0
   232011	2017-05-24 08:11:17	1	0	1	0
   232027	2017-05-24 08:12:29	1	0	1	0
   232034	2017-05-24 08:14:29	1	0	1	0
   232001	2017-05-24 08:15:16	1	0	1	0
   234001	2017-05-24 08:17:21	1	0	1	0
   231096	2017-05-24 08:25:03	1	0	1	0
   233074	2017-05-24 10:06:13	1	0	1	0
   232019	2017-05-24 10:07:09	1	0	1	0
   232006	2017-05-24 12:50:01	1	0	1	0
   232025	2017-05-24 12:57:46	1	0	1	0
   232039	2017-05-24 13:07:55	1	0	1	0
   233051	2017-05-24 13:09:51	1	0	1	0
   234006	2017-05-24 15:08:53	1	1	1	0
   234007	2017-05-24 15:23:14	1	1	1	0
   233019	2017-05-24 15:27:37	1	1	1	0
   233013	2017-05-24 15:38:29	1	1	1	0
   233012	2017-05-24 15:51:22	1	1	1	0
   233037	2017-05-24 15:53:52	1	1	1	0
   233080	2017-05-24 15:54:16	1	1	1	0
   233068	2017-05-24 15:54:34	1	1	1	0
   233080	2017-05-24 15:54:57	1	1	1	0
   233086	2017-05-24 15:55:55	1	1	1	0
   233067	2017-05-24 15:58:11	1	1	1	0
   231196	2017-05-24 16:01:12	1	1	1	0
   233057	2017-05-24 16:02:55	1	1	1	0
   233001	2017-05-24 16:04:15	1	1	1	0
   231039	2017-05-24 16:05:42	1	1	1	0
   231039	2017-05-24 16:05:44	1	1	1	0
   233014	2017-05-24 16:09:07	1	1	1	0
   231237	2017-05-24 16:09:12	1	1	1	0
   231237	2017-05-24 16:09:15	1	1	1	0
   233003	2017-05-24 16:14:21	1	1	1	0
   231194	2017-05-24 16:20:41	1	1	1	0
   231236	2017-05-24 16:24:10	1	1	1	0
   231236	2017-05-24 16:25:19	1	1	1	0
   231277	2017-05-24 16:27:01	1	1	1	0
   231279	2017-05-24 16:30:02	1	1	1	0
   231279	2017-05-24 16:30:06	1	1	1	0
   233065	2017-05-24 16:36:26	1	0	1	0
   231036	2017-05-24 16:37:35	1	0	1	0
   231138	2017-05-24 16:37:37	1	0	1	0
   231252	2017-05-24 16:37:55	1	1	1	0
   231281	2017-05-24 16:42:08	1	1	1	0
   232014	2017-05-24 16:45:17	1	1	1	0
   233089	2017-05-24 16:47:19	1	1	1	0
   233077	2017-05-24 16:48:38	1	1	1	0
   231255	2017-05-24 16:48:58	1	1	1	0
   233039	2017-05-24 17:01:39	1	1	1	0
   232034	2017-05-24 17:03:08	1	1	1	0
   232027	2017-05-24 17:03:12	1	1	1	0
   232001	2017-05-24 17:03:15	1	1	1	0
   232011	2017-05-24 17:07:42	1	1	1	0
   233070	2017-05-24 17:10:36	1	1	1	0
   235006	2017-05-24 17:15:16	1	1	1	0
   233008	2017-05-24 17:24:01	1	1	1	0
   233082	2017-05-24 17:30:27	1	1	1	0
   233055	2017-05-24 17:31:31	1	1	1	0
   231096	2017-05-24 17:46:28	1	1	1	0
   231180	2017-05-24 17:49:39	1	1	1	0
   234003	2017-05-24 17:56:22	1	0	1	0
   231101	2017-05-24 17:57:08	1	0	1	0
   233078	2017-05-24 18:02:09	1	1	1	0
   231187	2017-05-24 18:06:11	1	1	1	0
   231097	2017-05-24 18:09:16	1	1	1	0
   233040	2017-05-24 18:13:35	1	0	1	0
   234018	2017-05-24 18:17:50	1	1	1	0
   231048	2017-05-24 18:23:32	1	1	1	0
   233088	2017-05-24 18:44:36	1	0	1	0
   233073	2017-05-24 18:48:58	1	0	1	0
   233045	2017-05-24 18:50:48	1	0	1	0
   233069	2017-05-24 18:52:34	1	0	1	0
   233043	2017-05-24 18:57:52	1	0	1	0
   233074	2017-05-24 19:00:30	1	0	1	0
   233074	2017-05-24 19:00:38	1	1	1	0
   234001	2017-05-24 19:12:48	1	1	1	0
   232019	2017-05-24 19:21:45	1	1	1	0
   233087	2017-05-24 20:10:38	1	1	1	0
   233087	2017-05-24 20:10:42	1	1	1	0
   233084	2017-05-24 20:10:51	1	1	1	0
   233084	2017-05-24 20:10:55	1	1	1	0
   232006	2017-05-24 20:12:05	1	1	1	0
   234004	2017-05-24 20:17:36	1	0	1	0
   232039	2017-05-24 20:21:03	1	0	1	0
   232030	2017-05-24 20:21:09	1	0	1	0
   232030	2017-05-24 20:21:29	1	1	1	0
   233051	2017-05-24 20:21:35	1	1	1	0
   232039	2017-05-24 20:21:38	1	1	1	0
   232025	2017-05-24 20:50:31	1	1	1	0
   233040	2017-05-24 22:56:28	1	1	1	0
   233088	2017-05-24 23:00:29	1	1	1	0
   233073	2017-05-24 23:01:01	1	1	1	0
   233069	2017-05-24 23:01:11	1	1	1	0
   233045	2017-05-24 23:01:21	1	1	1	0
   233043	2017-05-24 23:01:38	1	1	1	0
   233065	2017-05-24 23:04:23	1	1	1	0
   233089	2017-05-24 23:04:46	1	1	1	0
   234003	2017-05-25 05:47:23	1	1	1	0
   231096	2017-05-25 06:16:57	1	1	1	0
   234007	2017-05-25 06:17:54	1	0	1	0
   233003	2017-05-25 06:40:48	1	0	1	0
   233001	2017-05-25 06:41:38	1	0	1	0
   233008	2017-05-25 06:47:01	1	0	1	0
   233068	2017-05-25 06:49:55	1	0	1	0
   233087	2017-05-25 06:51:37	1	0	1	0
   233057	2017-05-25 06:51:51	1	0	1	0
   233082	2017-05-25 06:52:12	1	0	1	0
   233086	2017-05-25 06:53:08	1	0	1	0
   233086	2017-05-25 06:53:12	1	0	1	0
   233039	2017-05-25 07:03:34	1	0	1	0
   233037	2017-05-25 07:03:41	1	0	1	0
   231277	2017-05-25 07:14:58	1	0	1	0
   233055	2017-05-25 07:15:12	1	0	1	0
   233012	2017-05-25 07:19:01	1	0	1	0
   233067	2017-05-25 07:19:25	1	0	1	0
   233083	2017-05-25 07:20:25	1	0	1	0
   231097	2017-05-25 07:21:19	1	0	1	0
   233014	2017-05-25 07:21:52	1	0	1	0
   231036	2017-05-25 07:22:40	1	0	1	0
   231281	2017-05-25 07:23:36	1	0	1	0
   231279	2017-05-25 07:24:39	1	0	1	0
   231279	2017-05-25 07:24:43	1	0	1	0
   233013	2017-05-25 07:25:36	1	0	1	0
   231101	2017-05-25 07:26:46	1	0	1	0
   231196	2017-05-25 07:29:43	1	0	1	0
   231196	2017-05-25 07:29:46	1	0	1	0
   233080	2017-05-25 07:31:20	1	0	1	0
   231187	2017-05-25 07:31:39	1	0	1	0
   231237	2017-05-25 07:32:07	1	0	1	0
   233078	2017-05-25 07:32:45	1	0	1	0
   233070	2017-05-25 07:34:37	1	0	1	0
   231039	2017-05-25 07:35:11	1	0	1	0
   231138	2017-05-25 07:35:25	1	0	1	0
   231039	2017-05-25 07:36:02	1	0	1	0
   231039	2017-05-25 07:36:04	1	0	1	0
   231056	2017-05-25 07:38:46	1	0	1	0
   231038	2017-05-25 07:41:47	1	0	1	0
   231236	2017-05-25 07:42:08	1	0	1	0
   231252	2017-05-25 07:49:21	1	0	1	0
   231194	2017-05-25 07:58:04	1	0	1	0
   234006	2017-05-25 08:02:34	1	0	1	0
   233019	2017-05-25 08:03:34	1	0	1	0
   235006	2017-05-25 08:04:28	1	0	1	0
   232001	2017-05-25 08:04:42	1	0	1	0
   234004	2017-05-25 08:04:51	1	1	1	0
   231180	2017-05-25 08:06:03	1	1	1	0
   231180	2017-05-25 08:06:07	1	7	1	0
   231209	2017-05-25 08:06:39	1	7	1	0
   234001	2017-05-25 08:06:48	1	7	1	0
   232014	2017-05-25 08:08:01	1	7	1	0
   232011	2017-05-25 08:10:00	1	7	1	0
   232027	2017-05-25 08:15:58	1	7	1	0
   233074	2017-05-25 10:04:12	1	7	1	0
   232019	2017-05-25 10:08:25	1	7	1	0
   232006	2017-05-25 13:00:18	1	7	1	0
   232025	2017-05-25 13:02:30	1	7	1	0
   233051	2017-05-25 13:10:15	1	7	1	0
   232039	2017-05-25 13:16:35	1	7	1	0
   232030	2017-05-25 13:16:54	1	7	1	0
   233040	2017-05-25 14:13:24	1	0	1	0
   233043	2017-05-25 14:43:35	1	0	1	0
   233086	2017-05-25 15:17:46	1	0	1	0
   233086	2017-05-25 15:17:56	1	1	1	0
   233013	2017-05-25 15:29:43	1	1	1	0
   233086	2017-05-25 15:47:47	1	1	1	0
   233037	2017-05-25 15:52:03	1	1	1	0
   233080	2017-05-25 15:53:24	1	1	1	0
   233087	2017-05-25 16:02:49	1	1	1	0
   231196	2017-05-25 16:05:01	1	1	1	0
   233057	2017-05-25 16:06:07	1	1	1	0
   233039	2017-05-25 16:14:02	1	1	1	0
   233001	2017-05-25 16:18:04	1	1	1	0
   233019	2017-05-25 16:18:26	1	1	1	0
   233084	2017-05-25 16:20:23	1	1	1	0
   233084	2017-05-25 16:20:27	1	1	1	0
   233014	2017-05-25 16:20:53	1	1	1	0
   233078	2017-05-25 16:21:26	1	1	1	0
   233003	2017-05-25 16:26:14	1	1	1	0
   231194	2017-05-25 16:30:43	1	1	1	0
   231237	2017-05-25 16:35:54	1	1	1	0
   231237	2017-05-25 16:35:57	1	1	1	0
   231036	2017-05-25 16:35:59	1	1	1	0
   231138	2017-05-25 16:36:04	1	1	1	0
   231279	2017-05-25 16:37:14	1	1	1	0
   231279	2017-05-25 16:37:18	1	1	1	0
   231236	2017-05-25 16:37:21	1	1	1	0
   231252	2017-05-25 16:37:26	1	1	1	0
   231252	2017-05-25 16:37:30	1	1	1	0
   233065	2017-05-25 16:38:09	1	0	1	0
   232014	2017-05-25 16:43:00	1	0	1	0
   231039	2017-05-25 16:43:58	1	0	1	0
   231039	2017-05-25 16:44:00	1	0	1	0
   232001	2017-05-25 16:48:36	1	1	1	0
   231209	2017-05-25 16:52:58	1	1	1	0
   232027	2017-05-25 16:54:03	1	1	1	0
   232034	2017-05-25 16:54:07	1	1	1	0
   233089	2017-05-25 16:58:34	1	1	1	0
   231281	2017-05-25 16:59:09	1	1	1	0
   231180	2017-05-25 17:00:57	1	1	1	0
   233067	2017-05-25 17:01:05	1	1	1	0
   232011	2017-05-25 17:02:41	1	1	1	0
   233012	2017-05-25 17:16:29	1	1	1	0
   231027	2017-05-25 17:23:34	1	1	1	0
   233070	2017-05-25 17:26:27	1	1	1	0
   235006	2017-05-25 17:42:33	1	1	1	0
   233083	2017-05-25 17:45:25	1	1	1	0
   231187	2017-05-25 17:48:43	1	1	1	0
   233055	2017-05-25 17:53:57	1	1	1	0
   234004	2017-05-25 18:13:10	1	0	1	0
   233082	2017-05-25 18:23:22	1	1	1	0
   231277	2017-05-25 18:24:44	1	1	1	0
   234018	2017-05-25 18:26:50	1	1	1	0
   233045	2017-05-25 18:41:17	1	0	1	0
   233008	2017-05-25 18:42:16	1	1	1	0
   233088	2017-05-25 18:45:22	1	0	1	0
   233073	2017-05-25 18:46:26	1	0	1	0
   233069	2017-05-25 18:51:34	1	0	1	0
   231053	2017-05-25 18:53:27	1	0	1	0
   233068	2017-05-25 18:58:16	1	1	1	0
   233074	2017-05-25 19:00:22	1	1	1	0
   231097	2017-05-25 19:14:06	1	1	1	0
   231100	2017-05-25 19:14:49	1	1	1	0
   231101	2017-05-25 19:23:57	1	1	1	0
   231101	2017-05-25 19:24:00	1	1	1	0
   231097	2017-05-25 19:24:03	1	1	1	0
   234001	2017-05-25 19:39:41	1	1	1	0
   232019	2017-05-25 19:49:29	1	1	1	0
   232006	2017-05-25 20:32:17	1	1	1	0
   232025	2017-05-25 21:00:47	1	1	1	0
   232039	2017-05-25 21:18:27	1	1	1	0
   232030	2017-05-25 21:18:52	1	1	1	0
   233051	2017-05-25 21:18:55	1	1	1	0
   231038	2017-05-25 22:26:03	1	1	1	0
   231096	2017-05-25 22:36:15	1	1	1	0
   233040	2017-05-26 00:19:23	1	1	1	0
   233073	2017-05-26 01:01:20	1	1	1	0
   233069	2017-05-26 01:01:23	1	1	1	0
   233088	2017-05-26 01:01:31	1	1	1	0
   233043	2017-05-26 01:01:40	1	1	1	0
   233045	2017-05-26 01:02:25	1	1	1	0
   233089	2017-05-26 01:03:31	1	1	1	0
   233065	2017-05-26 01:04:45	1	1	1	0
   234007	2017-05-26 06:15:14	1	0	1	0
   233003	2017-05-26 06:41:02	1	0	1	0
   233068	2017-05-26 06:46:35	1	0	1	0
   233008	2017-05-26 06:48:59	1	0	1	0
   233086	2017-05-26 06:49:29	1	0	1	0
   233086	2017-05-26 06:49:34	1	0	1	0
   231097	2017-05-26 06:55:25	1	0	1	0
   233057	2017-05-26 07:02:12	1	0	1	0
   233087	2017-05-26 07:04:02	1	0	1	0
   233082	2017-05-26 07:04:36	1	0	1	0
   233080	2017-05-26 07:06:57	1	0	1	0
   233039	2017-05-26 07:07:07	1	0	1	0
   233077	2017-05-26 07:08:27	1	0	1	0
   233001	2017-05-26 07:08:36	1	0	1	0
   231277	2017-05-26 07:08:57	1	0	1	0
   233037	2017-05-26 07:10:38	1	0	1	0
   233067	2017-05-26 07:13:25	1	0	1	0
   233084	2017-05-26 07:13:32	1	0	1	0
   233084	2017-05-26 07:13:34	1	0	1	0
   231039	2017-05-26 07:20:19	1	0	1	0
   231039	2017-05-26 07:20:21	1	0	1	0
   231279	2017-05-26 07:20:56	1	0	1	0
   231279	2017-05-26 07:21:00	1	0	1	0
   231236	2017-05-26 07:21:42	1	0	1	0
   231138	2017-05-26 07:21:57	1	0	1	0
   233083	2017-05-26 07:22:14	1	0	1	0
   233083	2017-05-26 07:22:16	1	0	1	0
   233012	2017-05-26 07:24:02	1	0	1	0
   233078	2017-05-26 07:24:45	1	0	1	0
   231187	2017-05-26 07:28:36	1	0	1	0
   233013	2017-05-26 07:28:45	1	0	1	0
   231101	2017-05-26 07:32:27	1	0	1	0
   231101	2017-05-26 07:32:29	1	0	1	0
   231036	2017-05-26 07:32:44	1	0	1	0
   231237	2017-05-26 07:36:37	1	0	1	0
   231237	2017-05-26 07:36:40	1	0	1	0
   231281	2017-05-26 07:36:44	1	0	1	0
   231038	2017-05-26 07:37:42	1	0	1	0
   231196	2017-05-26 07:38:43	1	0	1	0
   233070	2017-05-26 07:40:04	1	0	1	0
   231056	2017-05-26 07:43:49	1	0	1	0
   233014	2017-05-26 07:44:31	1	0	1	0
   231194	2017-05-26 07:46:46	1	0	1	0
   231252	2017-05-26 07:53:57	1	0	1	0
   231180	2017-05-26 07:54:22	1	0	1	0
   231255	2017-05-26 07:54:39	1	0	1	0
   231209	2017-05-26 07:55:14	1	0	1	0
   231285	2017-05-26 07:56:28	1	0	1	0
   233019	2017-05-26 07:59:51	1	0	1	0
   231096	2017-05-26 08:02:44	1	0	1	0
   234001	2017-05-26 08:03:45	1	0	1	0
   231273	2017-05-26 08:05:21	1	0	1	0
   235006	2017-05-26 08:06:34	1	0	1	0
   231278	2017-05-26 08:07:21	1	0	1	0
   231231	2017-05-26 08:07:37	1	0	1	0
   232027	2017-05-26 08:07:52	1	0	1	0
   231048	2017-05-26 08:08:18	1	0	1	0
   232014	2017-05-26 08:10:23	1	0	1	0
   232011	2017-05-26 08:11:18	1	0	1	0
   232001	2017-05-26 08:14:25	1	0	1	0
   232034	2017-05-26 08:16:18	1	0	1	0
   234005	2017-05-26 08:29:02	1	0	1	0
   234006	2017-05-26 08:29:55	1	1	1	0
   232019	2017-05-26 10:04:59	1	1	1	0
   234018	2017-05-26 10:06:59	1	0	1	0
   233074	2017-05-26 10:10:42	1	0	1	0
   232025	2017-05-26 11:18:18	1	0	1	0
   231036	2017-05-26 12:51:37	1	0	1	0
   231196	2017-05-26 12:51:50	1	0	1	0
   231237	2017-05-26 12:51:56	1	0	1	0
   231237	2017-05-26 12:51:58	1	0	1	0
   234007	2017-05-26 12:52:13	1	1	1	0
   231237	2017-05-26 12:52:17	1	1	1	0
   231237	2017-05-26 12:52:20	1	1	1	0
   231252	2017-05-26 12:52:27	1	1	1	0
   231196	2017-05-26 12:55:16	1	1	1	0
   231196	2017-05-26 12:58:01	1	1	1	0
   232014	2017-05-26 12:58:15	1	1	1	0
   232006	2017-05-26 13:01:21	1	1	1	0
   231252	2017-05-26 13:01:49	1	1	1	0
   231237	2017-05-26 13:02:23	1	1	1	0
   231237	2017-05-26 13:02:26	1	1	1	0
   231236	2017-05-26 13:02:46	1	1	1	0
   231277	2017-05-26 13:02:57	1	1	1	0
   231209	2017-05-26 13:03:13	1	1	1	0
   231036	2017-05-26 13:04:12	1	1	1	0
   232027	2017-05-26 13:04:18	1	1	1	0
   232001	2017-05-26 13:04:30	1	1	1	0
   232034	2017-05-26 13:04:37	1	1	1	0
   232030	2017-05-26 13:04:50	1	1	1	0
   233051	2017-05-26 13:06:22	1	1	1	0
   235006	2017-05-26 13:10:44	1	5	1	0
   233057	2017-05-26 13:13:56	1	1	1	0
   232011	2017-05-26 13:14:10	1	1	1	0
   231036	2017-05-26 13:16:54	1	1	1	0
   231279	2017-05-26 13:17:08	1	1	1	0
   231279	2017-05-26 13:17:11	1	1	1	0
   231237	2017-05-26 13:17:14	1	1	1	0
   231237	2017-05-26 13:17:16	1	1	1	0
   231138	2017-05-26 13:19:24	1	1	1	0
   232039	2017-05-26 13:21:47	1	0	1	0
   231038	2017-05-26 13:39:21	1	0	1	0
   231038	2017-05-26 13:39:40	1	1	1	0
   233086	2017-05-26 13:43:06	1	1	1	0
   233040	2017-05-26 13:50:45	1	0	1	0
   233039	2017-05-26 14:15:09	1	0	1	0
   233039	2017-05-26 14:15:17	1	1	1	0
   233039	2017-05-26 14:15:25	1	1	1	0
   233067	2017-05-26 14:27:52	1	1	1	0
   233001	2017-05-26 14:28:18	1	1	1	0
   233019	2017-05-26 14:42:03	1	1	1	0
   231187	2017-05-26 14:55:07	1	1	1	0
   231187	2017-05-26 14:55:08	1	1	1	0
   231180	2017-05-26 14:57:56	1	1	1	0
   231096	2017-05-26 15:06:40	1	1	1	0
   233014	2017-05-26 15:33:41	1	1	1	0
   231255	2017-05-26 15:33:56	1	1	1	0
   233089	2017-05-26 15:40:44	1	1	1	0
   233069	2017-05-26 15:58:39	1	0	1	0
   233073	2017-05-26 15:58:43	1	0	1	0
   233083	2017-05-26 16:04:10	1	0	1	0
   232011	2017-05-26 16:04:46	1	0	1	0
   232011	2017-05-26 16:04:49	1	0	1	0
   233070	2017-05-26 16:15:26	1	0	1	0
   233043	2017-05-26 16:16:41	1	0	1	0
   233077	2017-05-26 16:23:18	1	1	1	0
   233012	2017-05-26 16:24:18	1	1	1	0
   231281	2017-05-26 16:34:19	1	1	1	0
   233074	2017-05-26 16:36:47	1	1	1	0
   233065	2017-05-26 16:37:19	1	0	1	0
   233008	2017-05-26 16:47:36	1	1	1	0
   231039	2017-05-26 16:55:33	1	1	1	0
   231039	2017-05-26 16:55:35	1	1	1	0
   233013	2017-05-26 16:58:15	1	1	1	0
   231285	2017-05-26 17:03:36	1	1	1	0
   233080	2017-05-26 17:03:55	1	1	1	0
   233078	2017-05-26 17:08:47	1	1	1	0
   231048	2017-05-26 17:15:44	1	1	1	0
   231039	2017-05-26 17:19:58	1	1	1	0
   233003	2017-05-26 17:23:45	1	1	1	0
   233045	2017-05-26 17:35:44	1	0	1	0
   231101	2017-05-26 17:39:12	1	0	1	0
   233068	2017-05-26 17:54:46	1	1	1	0
   233055	2017-05-26 18:02:23	1	1	1	0
   234001	2017-05-26 18:05:00	1	1	1	0
   234018	2017-05-26 18:18:19	1	1	1	0
   234004	2017-05-26 18:19:28	1	1	1	0
   232039	2017-05-26 18:19:33	1	1	1	0
   233051	2017-05-26 18:21:22	1	1	1	0
   232030	2017-05-26 18:29:42	1	1	1	0
   233088	2017-05-26 18:39:11	1	0	1	0
   233037	2017-05-26 18:51:25	1	0	1	0
   232019	2017-05-26 18:58:14	1	0	1	0
   232006	2017-05-26 19:11:17	1	0	1	0
   233087	2017-05-26 19:47:11	1	1	1	0
   234006	2017-05-26 20:04:17	1	0	1	0
   232025	2017-05-26 20:27:32	1	0	1	0
   233084	2017-05-26 21:02:15	1	1	1	0
   233084	2017-05-26 21:02:17	1	1	1	0
   233014	2017-05-26 21:02:24	1	1	1	0
   233082	2017-05-26 21:02:30	1	1	1	0
   233089	2017-05-26 22:48:29	1	1	1	0
   233069	2017-05-26 22:49:10	1	1	1	0
   233040	2017-05-26 22:49:33	1	1	1	0
   233088	2017-05-26 22:49:42	1	1	1	0
   233043	2017-05-26 22:49:53	1	1	1	0
   233073	2017-05-26 22:50:01	1	1	1	0
   233045	2017-05-26 22:50:08	1	1	1	0
   233065	2017-05-26 22:50:28	1	1	1	0
   234007	2017-05-27 06:37:40	1	0	1	0
   233003	2017-05-27 06:49:51	1	0	1	0
   233087	2017-05-27 06:56:06	1	0	1	0
   233008	2017-05-27 06:57:50	1	0	1	0
   231097	2017-05-27 07:02:31	1	0	1	0
   233086	2017-05-27 07:03:33	1	0	1	0
   233086	2017-05-27 07:03:38	1	0	1	0
   231100	2017-05-27 07:04:09	1	0	1	0
   233082	2017-05-27 07:06:23	1	0	1	0
   233068	2017-05-27 07:06:35	1	0	1	0
   231236	2017-05-27 07:17:57	1	0	1	0
   231277	2017-05-27 07:18:53	1	0	1	0
   233001	2017-05-27 07:20:10	1	0	1	0
   233067	2017-05-27 07:20:17	1	0	1	0
   231138	2017-05-27 07:20:22	1	0	1	0
   233084	2017-05-27 07:20:53	1	0	1	0
   231279	2017-05-27 07:21:10	1	0	1	0
   231279	2017-05-27 07:21:14	1	0	1	0
   231187	2017-05-27 07:24:00	1	0	1	0
   233083	2017-05-27 07:27:49	1	0	1	0
   233012	2017-05-27 07:28:20	1	0	1	0
   231036	2017-05-27 07:29:46	1	0	1	0
   233039	2017-05-27 07:30:48	1	0	1	0
   233080	2017-05-27 07:32:44	1	0	1	0
   233077	2017-05-27 07:32:54	1	0	1	0
   231252	2017-05-27 07:33:01	1	0	1	0
   232011	2017-05-27 07:34:16	1	0	1	0
   233070	2017-05-27 07:34:35	1	0	1	0
   233014	2017-05-27 07:35:54	1	0	1	0
   231281	2017-05-27 07:37:20	1	0	1	0
   231039	2017-05-27 07:40:06	1	0	1	0
   231196	2017-05-27 07:40:23	1	0	1	0
   231237	2017-05-27 07:42:52	1	0	1	0
   231237	2017-05-27 07:42:55	1	0	1	0
   233057	2017-05-27 07:43:24	1	0	1	0
   231056	2017-05-27 07:45:23	1	0	1	0
   231096	2017-05-27 07:46:06	1	0	1	0
   233078	2017-05-27 07:46:11	1	0	1	0
   231255	2017-05-27 07:48:05	1	0	1	0
   233019	2017-05-27 07:50:27	1	0	1	0
   232027	2017-05-27 07:54:07	1	0	1	0
   231101	2017-05-27 07:56:11	1	0	1	0
   232034	2017-05-27 07:57:54	1	0	1	0
   231194	2017-05-27 07:58:05	1	0	1	0
   231048	2017-05-27 07:59:14	1	0	1	0
   231180	2017-05-27 08:01:44	1	0	1	0
   235006	2017-05-27 08:03:41	1	0	1	0
   231209	2017-05-27 08:05:31	1	0	1	0
   232001	2017-05-27 08:06:28	1	0	1	0
   234001	2017-05-27 08:06:38	1	0	1	0
   232014	2017-05-27 08:11:50	1	0	1	0
   234005	2017-05-27 08:29:00	1	0	1	0
   234005	2017-05-27 08:29:02	1	0	1	0
   234006	2017-05-27 08:29:44	1	1	1	0
   232006	2017-05-27 09:59:32	1	0	1	0
   232019	2017-05-27 10:00:59	1	0	1	0
   232039	2017-05-27 10:05:57	1	0	1	0
   232030	2017-05-27 10:08:48	1	0	1	0
   233074	2017-05-27 10:12:38	1	0	1	0
   232025	2017-05-27 10:14:10	1	0	1	0
   233051	2017-05-27 10:18:14	1	0	1	0
   234007	2017-05-27 13:23:10	1	1	1	0
   234007	2017-05-27 13:23:12	1	1	1	0
   231279	2017-05-27 13:23:58	1	1	1	0
   231279	2017-05-27 13:24:02	1	1	1	0
   231101	2017-05-27 13:26:16	1	1	1	0
   231196	2017-05-27 13:26:25	1	1	1	0
   231194	2017-05-27 13:33:13	1	1	1	0
   231138	2017-05-27 13:40:30	1	1	1	0
   231209	2017-05-27 13:40:41	1	1	1	0
   233040	2017-05-27 13:42:22	1	0	1	0
   231036	2017-05-27 13:43:37	1	0	1	0
   231036	2017-05-27 13:44:04	1	1	1	0
   233067	2017-05-27 13:45:52	1	1	1	0
   231236	2017-05-27 13:47:09	1	1	1	0
   231237	2017-05-27 13:51:10	1	1	1	0
   231237	2017-05-27 13:51:13	1	1	1	0
   232014	2017-05-27 13:53:47	1	1	1	0
   232027	2017-05-27 14:00:09	1	1	1	0
   232034	2017-05-27 14:00:17	1	1	1	0
   232001	2017-05-27 14:00:23	1	1	1	0
   231252	2017-05-27 14:00:30	1	1	1	0
   231277	2017-05-27 14:02:26	1	1	1	0
   233019	2017-05-27 14:04:41	1	1	1	0
   233083	2017-05-27 14:05:45	1	1	1	0
   231039	2017-05-27 14:05:58	1	1	1	0
   231039	2017-05-27 14:06:00	1	1	1	0
   231048	2017-05-27 14:08:43	1	1	1	0
   232011	2017-05-27 14:18:57	1	1	1	0
   233086	2017-05-27 14:19:14	1	1	1	0
   233065	2017-05-27 14:26:23	1	0	1	0
   233065	2017-05-27 14:28:43	1	0	1	0
   233012	2017-05-27 14:38:53	1	1	1	0
   233084	2017-05-27 14:39:07	1	1	1	0
   233080	2017-05-27 14:39:15	1	1	1	0
   231281	2017-05-27 14:43:59	1	5	1	0
   235006	2017-05-27 14:44:01	1	5	1	0
   233070	2017-05-27 14:51:06	1	5	1	0
   233088	2017-05-27 14:52:10	1	0	1	0
   233013	2017-05-27 14:53:22	1	1	1	0
   231255	2017-05-27 14:54:38	1	1	1	0
   233073	2017-05-27 15:00:23	1	0	1	0
   233039	2017-05-27 15:00:38	1	1	1	0
   233082	2017-05-27 15:02:09	1	1	1	0
   233069	2017-05-27 15:04:02	1	0	1	0
   233074	2017-05-27 15:05:45	1	0	1	0
   233001	2017-05-27 15:07:24	1	1	1	0
   233089	2017-05-27 15:10:55	1	1	1	0
   233045	2017-05-27 15:12:40	1	0	1	0
   233080	2017-05-27 15:19:38	1	1	1	0
   233078	2017-05-27 15:22:35	1	1	1	0
   233057	2017-05-27 15:24:09	1	1	1	0
   233043	2017-05-27 15:26:34	1	0	1	0
   231097	2017-05-27 15:37:14	1	0	1	0
   233003	2017-05-27 15:40:49	1	1	1	0
   233055	2017-05-27 15:41:32	1	1	1	0
   234006	2017-05-27 16:05:54	1	0	1	0
   231180	2017-05-27 16:14:11	1	4	1	0
   233077	2017-05-27 17:01:27	1	1	1	0
   233008	2017-05-27 17:14:50	1	1	1	0
   233068	2017-05-27 17:16:16	1	1	1	0
   233087	2017-05-27 17:16:21	1	1	1	0
   234001	2017-05-27 17:18:20	1	1	1	0
   231187	2017-05-27 17:23:55	1	1	1	0
   232019	2017-05-27 17:38:46	1	1	1	0
   232006	2017-05-27 17:45:28	1	1	1	0
   232039	2017-05-27 17:45:34	1	1	1	0
   232030	2017-05-27 17:45:58	1	1	1	0
   233051	2017-05-27 17:46:00	1	1	1	0
   233051	2017-05-27 17:48:18	1	1	1	0
   233051	2017-05-27 17:49:46	1	1	1	0
   232025	2017-05-27 18:06:24	1	1	1	0
   234005	2017-05-27 21:36:03	1	0	1	0
   233040	2017-05-27 22:14:55	1	0	1	0
   233043	2017-05-27 22:19:24	1	1	1	0
   233069	2017-05-27 22:19:29	1	1	1	0
   233088	2017-05-27 22:19:33	1	1	1	0
   233073	2017-05-27 22:19:49	1	1	1	0
   233089	2017-05-27 22:19:58	1	1	1	0
   233045	2017-05-27 22:20:29	1	1	1	0
   233065	2017-05-27 22:21:15	1	1	1	0
   234006	2017-05-28 06:30:53	1	1	1	0
   234003	2017-05-28 08:02:07	1	0	1	0
   234006	2017-05-28 15:59:13	1	0	1	0
   234003	2017-05-28 16:00:10	1	1	1	0
   234005	2017-05-28 20:27:13	1	0	1	0
   233003	2017-05-29 06:50:58	1	0	1	0
   233087	2017-05-29 07:00:39	1	0	1	0
   234006	2017-05-29 07:01:07	1	1	1	0
   233087	2017-05-29 07:01:34	1	0	1	0
   233086	2017-05-29 07:03:10	1	0	1	0
   233086	2017-05-29 07:03:12	1	0	1	0
   233084	2017-05-29 07:03:27	1	0	1	0
   233084	2017-05-29 07:03:31	1	0	1	0
   233082	2017-05-29 07:03:42	1	0	1	0
   233008	2017-05-29 07:04:41	1	0	1	0
   233068	2017-05-29 07:08:49	1	0	1	0
   231187	2017-05-29 07:09:50	1	0	1	0
   231096	2017-05-29 07:10:10	1	0	1	0
   231279	2017-05-29 07:13:21	1	0	1	0
   233001	2017-05-29 07:14:20	1	0	1	0
   233080	2017-05-29 07:14:26	1	0	1	0
   231101	2017-05-29 07:16:16	1	0	1	0
   231097	2017-05-29 07:16:25	1	0	1	0
   231096	2017-05-29 07:16:49	1	0	1	0
   231036	2017-05-29 07:16:57	1	0	1	0
   233037	2017-05-29 07:19:45	1	0	1	0
   231236	2017-05-29 07:20:06	1	0	1	0
   233077	2017-05-29 07:20:18	1	0	1	0
   233057	2017-05-29 07:20:56	1	0	1	0
   233083	2017-05-29 07:23:20	1	0	1	0
   231252	2017-05-29 07:25:25	1	0	1	0
   231277	2017-05-29 07:25:54	1	0	1	0
   231281	2017-05-29 07:26:39	1	0	1	0
   231138	2017-05-29 07:27:12	1	0	1	0
   233012	2017-05-29 07:29:36	1	0	1	0
   231038	2017-05-29 07:29:50	1	0	1	0
   231039	2017-05-29 07:32:17	1	0	1	0
   233039	2017-05-29 07:32:38	1	0	1	0
   231039	2017-05-29 07:33:26	1	0	1	0
   233014	2017-05-29 07:33:44	1	0	1	0
   231056	2017-05-29 07:33:55	1	0	1	0
   231237	2017-05-29 07:34:34	1	0	1	0
   231237	2017-05-29 07:34:37	1	0	1	0
   235006	2017-05-29 07:34:41	1	0	1	0
   232011	2017-05-29 07:37:07	1	0	1	0
   231196	2017-05-29 07:37:20	1	0	1	0
   232014	2017-05-29 07:38:17	1	0	1	0
   231180	2017-05-29 07:39:04	1	0	1	0
   232027	2017-05-29 07:40:11	1	0	1	0
   233078	2017-05-29 07:40:17	1	0	1	0
   232034	2017-05-29 07:41:01	1	0	1	0
   231237	2017-05-29 07:42:23	1	0	1	0
   231237	2017-05-29 07:42:25	1	0	1	0
   231194	2017-05-29 07:43:08	1	0	1	0
   231255	2017-05-29 07:43:33	1	0	1	0
   231048	2017-05-29 07:43:59	1	0	1	0
   231180	2017-05-29 07:45:02	1	0	1	0
     1004	2017-05-29 07:46:35	1	0	1	0
   231285	2017-05-29 07:48:15	1	0	1	0
   231285	2017-05-29 07:48:21	1	0	1	0
   233019	2017-05-29 07:48:32	1	0	1	0
   233067	2017-05-29 07:48:40	1	0	1	0
   233070	2017-05-29 07:48:59	1	0	1	0
   234003	2017-05-29 07:54:47	1	0	1	0
   231209	2017-05-29 08:00:26	1	0	1	0
   231278	2017-05-29 08:03:52	1	0	1	0
   231231	2017-05-29 08:06:49	1	0	1	0
   234001	2017-05-29 08:10:38	1	0	1	0
   232019	2017-05-29 09:49:37	1	0	1	0
   234018	2017-05-29 10:02:51	1	0	1	0
   233074	2017-05-29 10:03:07	1	0	1	0
   233012	2017-05-29 12:01:48	1	1	1	0
   232006	2017-05-29 12:53:46	1	0	1	0
   232025	2017-05-29 12:58:17	1	0	1	0
   232039	2017-05-29 12:59:37	1	0	1	0
   233051	2017-05-29 13:00:31	1	0	1	0
   232030	2017-05-29 13:04:38	1	0	1	0
   233069	2017-05-29 13:58:38	1	0	1	0
   233069	2017-05-29 13:58:40	1	0	1	0
   233040	2017-05-29 14:00:43	1	0	1	0
   233082	2017-05-29 14:57:42	1	1	1	0
   233039	2017-05-29 15:31:23	1	1	1	0
   233087	2017-05-29 15:31:31	1	1	1	0
   233077	2017-05-29 15:31:54	1	1	1	0
   233014	2017-05-29 15:32:26	1	1	1	0
   231255	2017-05-29 15:32:51	1	1	1	0
   233084	2017-05-29 15:33:02	1	1	1	0
   233084	2017-05-29 15:33:06	1	1	1	0
   233008	2017-05-29 15:43:40	1	1	1	0
   231196	2017-05-29 15:50:05	1	1	1	0
   231196	2017-05-29 15:50:07	1	1	1	0
   233037	2017-05-29 15:53:50	1	1	1	0
   233019	2017-05-29 16:02:26	1	1	1	0
   233013	2017-05-29 16:12:15	1	1	1	0
   233086	2017-05-29 16:12:41	1	1	1	0
   233086	2017-05-29 16:12:43	1	1	1	0
   232027	2017-05-29 16:14:43	1	1	1	0
   232034	2017-05-29 16:14:47	1	1	1	0
   231237	2017-05-29 16:14:59	1	1	1	0
   233078	2017-05-29 16:18:27	1	1	1	0
   235006	2017-05-29 16:20:44	1	1	1	0
   233055	2017-05-29 16:25:57	1	1	1	0
   231281	2017-05-29 16:26:17	1	1	1	0
   233001	2017-05-29 16:26:39	1	1	1	0
   233003	2017-05-29 16:27:04	1	1	1	0
   232014	2017-05-29 16:33:42	1	1	1	0
   231036	2017-05-29 16:35:49	1	1	1	0
   231138	2017-05-29 16:35:51	1	1	1	0
   231252	2017-05-29 16:36:48	1	1	1	0
   232011	2017-05-29 16:38:50	1	1	1	0
   231039	2017-05-29 16:40:06	1	1	1	0
   233070	2017-05-29 16:41:39	1	1	1	0
   233057	2017-05-29 16:42:23	1	1	1	0
   233057	2017-05-29 16:42:25	1	1	1	0
   231279	2017-05-29 16:42:59	1	1	1	0
   231279	2017-05-29 16:43:03	1	1	1	0
   231236	2017-05-29 16:43:07	1	1	1	0
   231277	2017-05-29 16:48:32	1	1	1	0
   233089	2017-05-29 16:54:13	1	1	1	0
   233067	2017-05-29 17:03:55	1	1	1	0
   233082	2017-05-29 17:06:33	1	1	1	0
   233083	2017-05-29 17:06:46	1	1	1	0
   231180	2017-05-29 17:13:21	1	1	1	0
   231097	2017-05-29 17:14:43	1	1	1	0
   231194	2017-05-29 17:20:11	1	1	1	0
   231209	2017-05-29 17:25:12	1	1	1	0
   231187	2017-05-29 17:26:38	1	1	1	0
   231096	2017-05-29 17:35:49	1	1	1	0
   231280	2017-05-29 17:38:15	1	1	1	0
   231233	2017-05-29 17:38:19	1	1	1	0
   231285	2017-05-29 17:38:23	1	1	1	0
   231101	2017-05-29 17:49:40	1	1	1	0
   231048	2017-05-29 17:52:51	1	1	1	0
   232019	2017-05-29 18:10:40	1	1	1	0
   234005	2017-05-29 18:19:55	1	0	1	0
   234005	2017-05-29 18:19:57	1	0	1	0
   233045	2017-05-29 18:35:06	1	0	1	0
   233074	2017-05-29 18:39:10	1	0	1	0
   233088	2017-05-29 18:39:36	1	0	1	0
   233043	2017-05-29 18:40:45	1	0	1	0
   234018	2017-05-29 18:44:24	1	1	1	0
   233073	2017-05-29 18:47:32	1	0	1	0
   231038	2017-05-29 18:54:47	1	1	1	0
   231053	2017-05-29 18:56:06	1	1	1	0
   233068	2017-05-29 19:41:26	1	1	1	0
   234001	2017-05-29 20:45:29	1	1	1	0
   232006	2017-05-29 21:38:09	1	1	1	0
   232039	2017-05-29 21:39:25	1	1	1	0
   233051	2017-05-29 22:13:44	1	1	1	0
   232030	2017-05-29 22:14:51	1	1	1	0
   232025	2017-05-30 02:22:07	1	1	1	0
   233040	2017-05-30 02:25:36	1	1	1	0
   233088	2017-05-30 05:10:06	1	1	1	0
   233089	2017-05-30 05:10:33	1	1	1	0
   233073	2017-05-30 05:11:03	1	1	1	0
   233069	2017-05-30 05:11:14	1	1	1	0
   233069	2017-05-30 05:11:20	1	1	1	0
   233043	2017-05-30 05:11:31	1	1	1	0
   233045	2017-05-30 05:11:38	1	1	1	0
   234007	2017-05-30 06:27:01	1	0	1	0
   233086	2017-05-30 06:42:20	1	0	1	0
   233086	2017-05-30 06:42:24	1	0	1	0
   233068	2017-05-30 06:42:54	1	0	1	0
   233087	2017-05-30 06:49:47	1	0	1	0
   233014	2017-05-30 06:51:05	1	0	1	0
   233039	2017-05-30 06:53:09	1	0	1	0
   233084	2017-05-30 06:56:02	1	0	1	0
   233084	2017-05-30 06:56:07	1	0	1	0
   233003	2017-05-30 06:57:42	1	0	1	0
   233003	2017-05-30 06:59:00	1	0	1	0
   231097	2017-05-30 07:01:10	1	0	1	0
   233082	2017-05-30 07:02:03	1	0	1	0
   233008	2017-05-30 07:03:48	1	0	1	0
   233001	2017-05-30 07:08:38	1	0	1	0
   231187	2017-05-30 07:08:45	1	0	1	0
   231279	2017-05-30 07:09:49	1	0	1	0
   231279	2017-05-30 07:09:52	1	0	1	0
   231096	2017-05-30 07:10:04	1	0	1	0
   233037	2017-05-30 07:10:30	1	0	1	0
   231236	2017-05-30 07:11:31	1	0	1	0
   233083	2017-05-30 07:12:10	1	0	1	0
   231036	2017-05-30 07:13:34	1	0	1	0
   233078	2017-05-30 07:14:35	1	0	1	0
   231277	2017-05-30 07:19:10	1	0	1	0
   233080	2017-05-30 07:20:15	1	0	1	0
   233077	2017-05-30 07:20:23	1	0	1	0
   233070	2017-05-30 07:20:50	1	0	1	0
   233067	2017-05-30 07:23:12	1	0	1	0
   231138	2017-05-30 07:23:33	1	0	1	0
   231281	2017-05-30 07:24:35	1	0	1	0
   231039	2017-05-30 07:25:11	1	0	1	0
   231252	2017-05-30 07:25:19	1	0	1	0
   231101	2017-05-30 07:25:55	1	0	1	0
   233012	2017-05-30 07:25:59	1	0	1	0
   233013	2017-05-30 07:27:19	1	0	1	0
   232001	2017-05-30 07:28:00	1	0	1	0
   233019	2017-05-30 07:28:24	1	0	1	0
   231237	2017-05-30 07:31:28	1	0	1	0
   231237	2017-05-30 07:31:30	1	0	1	0
   231281	2017-05-30 07:31:36	1	0	1	0
   231196	2017-05-30 07:33:09	1	0	1	0
   232027	2017-05-30 07:34:59	1	0	1	0
   231209	2017-05-30 07:35:10	1	0	1	0
   231194	2017-05-30 07:36:21	1	0	1	0
   231255	2017-05-30 07:36:46	1	0	1	0
   233057	2017-05-30 07:39:10	1	0	1	0
   231056	2017-05-30 07:41:07	1	0	1	0
   232011	2017-05-30 07:42:17	1	0	1	0
   232034	2017-05-30 07:42:34	1	0	1	0
   232014	2017-05-30 07:46:07	1	0	1	0
   234001	2017-05-30 07:48:32	1	0	1	0
   235006	2017-05-30 07:49:06	1	0	1	0
   231038	2017-05-30 07:56:13	1	0	1	0
   231048	2017-05-30 07:59:33	1	0	1	0
   234003	2017-05-30 08:02:15	1	1	1	0
   232019	2017-05-30 09:53:35	1	1	1	0
   233074	2017-05-30 10:01:31	1	1	1	0
   234018	2017-05-30 10:11:23	1	0	1	0
   232025	2017-05-30 12:52:04	1	0	1	0
   232006	2017-05-30 12:58:33	1	0	1	0
   232039	2017-05-30 12:58:59	1	0	1	0
   233051	2017-05-30 13:00:50	1	0	1	0
   232030	2017-05-30 13:12:47	1	0	1	0
   231255	2017-05-30 15:40:05	1	1	1	0
   234004	2017-05-30 15:55:30	1	1	1	0
   233078	2017-05-30 15:59:08	1	1	1	0
   233065	2017-05-30 16:13:22	1	0	1	0
   233065	2017-05-30 16:14:16	1	0	1	0
   233057	2017-05-30 16:15:03	1	1	1	0
   231196	2017-05-30 16:17:52	1	1	1	0
   233001	2017-05-30 16:19:02	1	1	1	0
   233086	2017-05-30 16:21:30	1	1	1	0
   231196	2017-05-30 16:30:43	1	0	1	0
   231196	2017-05-30 16:30:45	1	0	1	0
   231036	2017-05-30 16:31:06	1	0	1	0
   233086	2017-05-30 16:32:11	1	1	1	0
   231138	2017-05-30 16:33:20	1	1	1	0
   231279	2017-05-30 16:33:26	1	1	1	0
   231279	2017-05-30 16:33:28	1	1	1	0
   231252	2017-05-30 16:42:43	1	1	1	0
   231236	2017-05-30 16:43:36	1	1	1	0
   231281	2017-05-30 16:45:19	1	1	1	0
   231277	2017-05-30 16:47:31	1	1	1	0
   232011	2017-05-30 16:48:36	1	1	1	0
   231209	2017-05-30 16:49:57	1	1	1	0
   233019	2017-05-30 16:52:50	1	1	1	0
   231180	2017-05-30 16:53:07	1	1	1	0
   231097	2017-05-30 16:53:22	1	1	1	0
   232014	2017-05-30 16:53:41	1	1	1	0
   235006	2017-05-30 16:54:40	1	1	1	0
   233055	2017-05-30 16:55:44	1	1	1	0
   231096	2017-05-30 16:58:32	1	1	1	0
   233070	2017-05-30 17:00:30	1	1	1	0
   231096	2017-05-30 17:03:10	1	1	1	0
   233012	2017-05-30 17:03:32	1	1	1	0
   233013	2017-05-30 17:03:41	1	1	1	0
   231101	2017-05-30 17:04:12	1	1	1	0
   231039	2017-05-30 17:06:54	1	1	1	0
   233003	2017-05-30 17:07:45	1	1	1	0
   231237	2017-05-30 17:11:27	1	1	1	0
   231237	2017-05-30 17:11:31	1	1	1	0
   231038	2017-05-30 17:16:06	1	1	1	0
   231285	2017-05-30 17:17:21	1	1	1	0
   233039	2017-05-30 17:30:36	1	1	1	0
   233067	2017-05-30 17:35:12	1	1	1	0
   231187	2017-05-30 17:39:09	1	1	1	0
   233083	2017-05-30 18:08:55	1	1	1	0
   234005	2017-05-30 18:20:31	1	0	1	0
   234005	2017-05-30 18:20:32	1	0	1	0
   233068	2017-05-30 18:20:50	1	1	1	0
   231048	2017-05-30 18:26:57	1	1	1	0
   234018	2017-05-30 18:29:12	1	1	1	0
   233040	2017-05-30 18:29:36	1	0	1	0
   233082	2017-05-30 18:38:25	1	1	1	0
   233014	2017-05-30 18:43:02	1	1	1	0
   233073	2017-05-30 18:45:50	1	0	1	0
   233045	2017-05-30 18:49:49	1	0	1	0
   233088	2017-05-30 18:51:35	1	0	1	0
   233043	2017-05-30 18:59:18	1	0	1	0
   233069	2017-05-30 19:09:59	1	0	1	0
   233077	2017-05-30 19:10:21	1	1	1	0
   233074	2017-05-30 19:14:32	1	1	1	0
   233087	2017-05-30 19:17:29	1	1	1	0
   233084	2017-05-30 19:19:53	1	1	1	0
   233084	2017-05-30 19:19:55	1	1	1	0
   231096	2017-05-30 19:31:04	1	1	1	0
   233008	2017-05-30 19:33:00	1	1	1	0
   233080	2017-05-30 19:58:48	1	1	1	0
   234003	2017-05-30 19:59:04	1	0	1	0
   233037	2017-05-30 21:11:39	1	0	1	0
   232019	2017-05-30 21:23:18	1	0	1	0
   232006	2017-05-30 21:53:11	1	0	1	0
   232039	2017-05-30 22:09:12	1	1	1	0
   232030	2017-05-30 22:09:22	1	1	1	0
   233051	2017-05-30 22:09:40	1	1	1	0
   234001	2017-05-30 22:58:34	1	1	1	0
   232025	2017-05-30 23:09:37	1	1	1	0
   233043	2017-05-31 02:40:03	1	1	1	0
   233040	2017-05-31 02:40:56	1	1	1	0
   233088	2017-05-31 02:40:59	1	1	1	0
   233045	2017-05-31 02:41:06	1	1	1	0
   233069	2017-05-31 02:41:20	1	1	1	0
   233073	2017-05-31 02:41:45	1	1	1	0
   233065	2017-05-31 02:44:39	1	1	1	0
   233065	2017-05-31 02:45:14	1	1	1	0
   234007	2017-05-31 06:27:18	1	0	1	0
   233068	2017-05-31 06:53:05	1	0	1	0
   233003	2017-05-31 06:55:43	1	0	1	0
   233087	2017-05-31 06:59:08	1	0	1	0
   233086	2017-05-31 06:59:43	1	0	1	0
   233086	2017-05-31 06:59:48	1	0	1	0
   233008	2017-05-31 07:00:45	1	0	1	0
   233084	2017-05-31 07:09:03	1	0	1	0
   233084	2017-05-31 07:09:06	1	0	1	0
   233001	2017-05-31 07:09:15	1	0	1	0
   231097	2017-05-31 07:09:22	1	0	1	0
   231096	2017-05-31 07:14:12	1	0	1	0
   233014	2017-05-31 07:15:21	1	0	1	0
   233082	2017-05-31 07:15:26	1	0	1	0
   233057	2017-05-31 07:17:45	1	0	1	0
   231236	2017-05-31 07:18:33	1	0	1	0
   231277	2017-05-31 07:21:07	1	0	1	0
   233037	2017-05-31 07:21:39	1	0	1	0
   231279	2017-05-31 07:21:46	1	0	1	0
   231279	2017-05-31 07:21:49	1	0	1	0
   233067	2017-05-31 07:21:58	1	0	1	0
   231036	2017-05-31 07:22:48	1	0	1	0
   231187	2017-05-31 07:26:09	1	0	1	0
   233039	2017-05-31 07:26:30	1	0	1	0
   231281	2017-05-31 07:26:48	1	0	1	0
   231101	2017-05-31 07:28:35	1	0	1	0
   231101	2017-05-31 07:28:37	1	0	1	0
   233013	2017-05-31 07:30:23	1	0	1	0
   233080	2017-05-31 07:30:34	1	0	1	0
   231194	2017-05-31 07:31:52	1	0	1	0
   233083	2017-05-31 07:32:34	1	0	1	0
   231039	2017-05-31 07:33:08	1	0	1	0
   231039	2017-05-31 07:33:09	1	0	1	0
     1004	2017-05-31 07:33:55	1	0	1	0
   231237	2017-05-31 07:34:46	1	0	1	0
   231237	2017-05-31 07:34:48	1	0	1	0
   233077	2017-05-31 07:34:56	1	0	1	0
   231138	2017-05-31 07:35:46	1	0	1	0
   233078	2017-05-31 07:35:58	1	0	1	0
   231252	2017-05-31 07:36:22	1	0	1	0
   231196	2017-05-31 07:37:55	1	0	1	0
   231196	2017-05-31 07:37:57	1	0	1	0
   232001	2017-05-31 07:39:59	1	0	1	0
   235006	2017-05-31 07:40:35	1	0	1	0
   231038	2017-05-31 07:42:15	1	0	1	0
   233019	2017-05-31 07:42:22	1	0	1	0
   233070	2017-05-31 07:44:00	1	0	1	0
   232034	2017-05-31 07:45:44	1	0	1	0
   231056	2017-05-31 07:45:57	1	0	1	0
   232011	2017-05-31 07:46:40	1	0	1	0
   231048	2017-05-31 07:50:04	1	0	1	0
   232014	2017-05-31 07:50:36	1	0	1	0
   231209	2017-05-31 07:52:01	1	0	1	0
   232027	2017-05-31 07:54:43	1	0	1	0
   234004	2017-05-31 08:06:46	1	0	1	0
   234003	2017-05-31 08:06:57	1	1	1	0
   234001	2017-05-31 08:22:55	1	1	1	0
   232019	2017-05-31 10:07:40	1	1	1	0
   233074	2017-05-31 10:09:29	1	1	1	0
   232006	2017-05-31 12:54:43	1	0	1	0
   233051	2017-05-31 13:04:35	1	0	1	0
   232030	2017-05-31 13:14:05	1	0	1	0
   232039	2017-05-31 13:19:05	1	0	1	0
   232025	2017-05-31 13:29:27	1	0	1	0
   233088	2017-05-31 13:50:25	1	0	1	0
   233040	2017-05-31 13:51:53	1	0	1	0
   233045	2017-05-31 14:36:14	1	0	1	0
   233008	2017-05-31 15:47:30	1	1	1	0
   233077	2017-05-31 16:02:58	1	1	1	0
   233067	2017-05-31 16:19:47	1	1	1	0
   233001	2017-05-31 16:28:19	1	1	1	0
   232014	2017-05-31 16:30:27	1	1	1	0
   233014	2017-05-31 16:30:36	1	1	1	0
   233065	2017-05-31 16:33:30	1	0	1	0
   232001	2017-05-31 16:34:57	1	1	1	0
   232027	2017-05-31 16:35:04	1	1	1	0
   232034	2017-05-31 16:35:42	1	1	1	0
   231281	2017-05-31 16:36:31	1	1	1	0
   231196	2017-05-31 16:37:05	1	1	1	0
   231196	2017-05-31 16:37:06	1	1	1	0
   231279	2017-05-31 16:37:47	1	1	1	0
   231279	2017-05-31 16:37:49	1	1	1	0
   232011	2017-05-31 16:38:42	1	1	1	0
   231237	2017-05-31 16:39:06	1	1	1	0
   231237	2017-05-31 16:39:08	1	1	1	0
   231036	2017-05-31 16:39:11	1	1	1	0
   231138	2017-05-31 16:39:15	1	1	1	0
   231252	2017-05-31 16:39:25	1	1	1	0
   233039	2017-05-31 16:40:09	1	1	1	0
   231236	2017-05-31 16:40:21	1	1	1	0
   231281	2017-05-31 16:40:40	1	0	1	0
   233065	2017-05-31 16:40:44	1	0	1	0
   231277	2017-05-31 16:40:53	1	0	1	0
   233055	2017-05-31 16:44:57	1	1	1	0
   233019	2017-05-31 16:46:12	1	1	1	0
   231097	2017-05-31 16:52:48	1	1	1	0
   233057	2017-05-31 16:53:33	1	1	1	0
   233013	2017-05-31 16:54:00	1	1	1	0
   233039	2017-05-31 16:55:45	1	1	1	0
   233082	2017-05-31 16:55:57	1	1	1	0
   233019	2017-05-31 16:58:46	1	1	1	0
   231194	2017-05-31 17:00:21	1	1	1	0
   233086	2017-05-31 17:02:19	1	1	1	0
   233086	2017-05-31 17:02:22	1	1	1	0
   233089	2017-05-31 17:03:37	1	1	1	0
   231039	2017-05-31 17:13:21	1	1	1	0
   231187	2017-05-31 17:16:02	1	1	1	0
   233083	2017-05-31 17:26:03	1	1	1	0
   231209	2017-05-31 17:31:47	1	1	1	0
   231039	2017-05-31 17:40:27	1	1	1	0
   231039	2017-05-31 17:40:29	1	1	1	0
   234007	2017-05-31 17:45:08	1	1	1	0
   233003	2017-05-31 17:47:28	1	1	1	0
   233070	2017-05-31 17:47:48	1	1	1	0
   234003	2017-05-31 18:01:52	1	0	1	0
   234018	2017-05-31 18:31:04	1	1	1	0
   231101	2017-05-31 18:34:39	1	1	1	0
   233074	2017-05-31 18:42:50	1	1	1	0
   233043	2017-05-31 18:55:30	1	0	1	0
   233073	2017-05-31 18:58:42	1	0	1	0
   231180	2017-05-31 19:06:34	1	1	1	0
   233068	2017-05-31 19:51:32	1	1	1	0
   233087	2017-05-31 19:55:14	1	1	1	0
   233084	2017-05-31 19:55:27	1	1	1	0
   233084	2017-05-31 19:55:29	1	1	1	0
   233080	2017-05-31 20:09:57	1	1	1	0
   231096	2017-05-31 20:45:25	1	0	1	0
   231048	2017-05-31 20:45:31	1	0	1	0
   234004	2017-05-31 20:57:03	1	0	1	0
   232019	2017-05-31 21:16:21	1	0	1	0
   233037	2017-05-31 22:19:41	1	0	1	0
   234001	2017-05-31 22:20:26	1	0	1	0
   232006	2017-05-31 22:31:48	1	0	1	0
   232039	2017-05-31 22:46:51	1	1	1	0
   235006	2017-05-31 22:47:04	1	1	1	0
   233051	2017-05-31 22:47:34	1	1	1	0
   232025	2017-05-31 23:05:21	1	1	1	0
   233040	2017-06-01 03:03:30	1	1	1	0
   233088	2017-06-01 03:21:14	1	1	1	0
   233043	2017-06-01 03:22:02	1	1	1	0
   233073	2017-06-01 03:22:10	1	1	1	0
   233069	2017-06-01 03:22:14	1	1	1	0
   233069	2017-06-01 03:22:17	1	1	1	0
   233089	2017-06-01 03:22:22	1	1	1	0
   233089	2017-06-01 03:22:24	1	1	1	0
   233045	2017-06-01 03:22:29	1	1	1	0
   233065	2017-06-01 03:22:36	1	1	1	0
   234003	2017-06-01 06:35:52	1	1	1	0
   234006	2017-06-01 07:59:52	1	0	1	0
   234004	2017-06-01 08:11:33	1	1	1	0
   234003	2017-06-01 18:02:45	1	0	1	0
   234018	2017-06-01 18:22:56	1	1	1	0
   234004	2017-06-01 21:19:56	1	0	1	0
   233080	2017-06-02 06:16:57	1	0	1	0
   234003	2017-06-02 06:18:53	1	1	1	0
   234007	2017-06-02 06:29:15	1	0	1	0
   233003	2017-06-02 06:51:45	1	0	1	0
   233087	2017-06-02 06:58:59	1	0	1	0
   233008	2017-06-02 06:59:19	1	0	1	0
   233086	2017-06-02 07:01:19	1	0	1	0
   233086	2017-06-02 07:01:21	1	0	1	0
   233037	2017-06-02 07:09:43	1	0	1	0
   233001	2017-06-02 07:11:10	1	0	1	0
   233082	2017-06-02 07:14:48	1	0	1	0
   233057	2017-06-02 07:16:05	1	0	1	0
   233084	2017-06-02 07:16:41	1	0	1	0
   233084	2017-06-02 07:16:51	1	0	1	0
   233068	2017-06-02 07:17:11	1	0	1	0
   231236	2017-06-02 07:17:24	1	0	1	0
   231036	2017-06-02 07:19:02	1	0	1	0
   233067	2017-06-02 07:20:52	1	0	1	0
   231096	2017-06-02 07:22:07	1	0	1	0
   233083	2017-06-02 07:22:58	1	0	1	0
   233077	2017-06-02 07:23:11	1	0	1	0
   231279	2017-06-02 07:23:34	1	0	1	0
   231279	2017-06-02 07:23:38	1	0	1	0
   233039	2017-06-02 07:24:47	1	0	1	0
   231138	2017-06-02 07:25:06	1	0	1	0
   231187	2017-06-02 07:25:11	1	0	1	0
   233012	2017-06-02 07:27:56	1	0	1	0
   231277	2017-06-02 07:28:33	1	0	1	0
   231096	2017-06-02 07:31:42	1	0	1	0
   231237	2017-06-02 07:31:48	1	0	1	0
   231237	2017-06-02 07:31:51	1	0	1	0
   231281	2017-06-02 07:35:57	1	0	1	0
   231196	2017-06-02 07:38:20	1	0	1	0
   235006	2017-06-02 07:38:28	1	0	1	0
   233014	2017-06-02 07:39:13	1	0	1	0
   231252	2017-06-02 07:39:17	1	0	1	0
   231039	2017-06-02 07:42:01	1	0	1	0
   231039	2017-06-02 07:42:03	1	0	1	0
   231056	2017-06-02 07:42:25	1	0	1	0
   231180	2017-06-02 07:43:27	1	0	1	0
   233019	2017-06-02 07:46:52	1	0	1	0
   231194	2017-06-02 07:47:07	1	0	1	0
   232011	2017-06-02 07:47:54	1	0	1	0
   231255	2017-06-02 07:48:08	1	0	1	0
   232027	2017-06-02 07:49:32	1	0	1	0
   233070	2017-06-02 07:49:41	1	0	1	0
   232034	2017-06-02 07:55:07	1	0	1	0
   231209	2017-06-02 08:01:29	1	0	1	0
   234006	2017-06-02 08:02:59	1	0	1	0
   231048	2017-06-02 08:03:11	1	0	1	0
   231278	2017-06-02 08:04:43	1	0	1	0
   232014	2017-06-02 08:14:45	1	0	1	0
   232001	2017-06-02 08:16:59	1	0	1	0
   231231	2017-06-02 08:18:47	1	0	1	0
   232040	2017-06-02 08:23:30	1	0	1	0
   232040	2017-06-02 08:23:35	1	0	1	0
   234001	2017-06-02 08:37:48	1	0	1	0
   231038	2017-06-02 09:03:51	1	0	1	0
   232019	2017-06-02 09:54:16	1	0	1	0
   233074	2017-06-02 09:55:46	1	0	1	0
   232025	2017-06-02 11:27:57	1	0	1	0
   232006	2017-06-02 12:51:56	1	0	1	0
   232030	2017-06-02 13:02:10	1	0	1	0
   232039	2017-06-02 13:08:40	1	0	1	0
   232039	2017-06-02 13:08:41	1	0	1	0
   233040	2017-06-02 13:15:49	1	0	1	0
   233051	2017-06-02 13:18:01	1	0	1	0
   233069	2017-06-02 14:06:08	1	0	1	0
   233045	2017-06-02 14:08:25	1	0	1	0
   233043	2017-06-02 14:08:36	1	0	1	0
   233073	2017-06-02 14:09:23	1	0	1	0
   233088	2017-06-02 14:22:14	1	0	1	0
   231196	2017-06-02 16:13:36	1	0	1	0
   232014	2017-06-02 16:13:44	1	0	1	0
   232014	2017-06-02 16:13:55	1	1	1	0
   231036	2017-06-02 16:14:06	1	1	1	0
   233067	2017-06-02 16:14:31	1	1	1	0
   231281	2017-06-02 16:17:28	1	1	1	0
   231039	2017-06-02 16:17:29	1	1	1	0
   231039	2017-06-02 16:17:31	1	1	1	0
   231255	2017-06-02 16:17:44	1	1	1	0
   231277	2017-06-02 16:21:19	1	1	1	0
   231236	2017-06-02 16:21:26	1	1	1	0
   233001	2017-06-02 16:27:16	1	1	1	0
   233065	2017-06-02 16:30:10	1	0	1	0
   231279	2017-06-02 16:30:19	1	0	1	0
   231279	2017-06-02 16:30:21	1	0	1	0
   231279	2017-06-02 16:30:24	1	0	1	0
   231237	2017-06-02 16:30:50	1	4	1	0
   231237	2017-06-02 16:30:53	1	4	1	0
   231279	2017-06-02 16:30:57	1	4	1	0
   231279	2017-06-02 16:31:00	1	4	1	0
   231138	2017-06-02 16:32:02	1	4	1	0
   231252	2017-06-02 16:35:06	1	1	1	0
   233019	2017-06-02 16:36:02	1	1	1	0
   233019	2017-06-02 16:36:04	1	1	1	0
   235006	2017-06-02 16:36:46	1	1	1	0
   233057	2017-06-02 16:37:34	1	1	1	0
   233014	2017-06-02 16:45:21	1	1	1	0
   233057	2017-06-02 16:54:43	1	1	1	0
   233089	2017-06-02 16:55:14	1	1	1	0
   231194	2017-06-02 17:13:30	1	1	1	0
   231194	2017-06-02 17:13:55	1	1	1	0
   231187	2017-06-02 17:14:12	1	1	1	0
   231209	2017-06-02 17:17:00	1	1	1	0
   231096	2017-06-02 17:20:09	1	1	1	0
   233086	2017-06-02 17:33:49	1	1	1	0
   234007	2017-06-02 17:44:04	1	1	1	0
   231048	2017-06-02 18:32:34	1	1	1	0
   234003	2017-06-02 18:41:51	1	0	1	0
   233086	2017-06-02 18:47:52	1	0	1	0
   233086	2017-06-02 18:48:05	1	1	1	0
   233082	2017-06-02 18:52:45	1	1	1	0
   233083	2017-06-02 18:55:36	1	1	1	0
   234018	2017-06-02 18:56:57	1	1	1	0
   233074	2017-06-02 19:00:11	1	1	1	0
   233070	2017-06-02 19:00:25	1	1	1	0
   233087	2017-06-02 19:01:23	1	1	1	0
   233039	2017-06-02 19:01:27	1	1	1	0
   233039	2017-06-02 19:06:46	1	1	1	0
   233080	2017-06-02 19:17:10	1	1	1	0
   233003	2017-06-02 19:23:05	1	1	1	0
   233055	2017-06-02 19:25:14	1	1	1	0
   232027	2017-06-02 19:40:39	1	1	1	0
   232001	2017-06-02 19:40:43	1	1	1	0
   233012	2017-06-02 19:42:40	1	1	1	0
   232011	2017-06-02 19:52:58	1	1	1	0
   233084	2017-06-02 20:17:35	1	1	1	0
   233084	2017-06-02 20:17:37	1	1	1	0
   233068	2017-06-02 20:17:50	1	1	1	0
   232034	2017-06-02 21:07:07	1	1	1	0
   232040	2017-06-02 21:07:17	1	1	1	0
   234001	2017-06-02 21:11:27	1	1	1	0
   232025	2017-06-02 21:11:58	1	1	1	0
   233008	2017-06-02 21:36:50	1	1	1	0
   233043	2017-06-02 21:50:34	1	1	1	0
   233045	2017-06-02 21:51:06	1	1	1	0
   233069	2017-06-02 21:51:17	1	1	1	0
   233073	2017-06-02 21:51:25	1	1	1	0
   233088	2017-06-02 21:51:32	1	1	1	0
   233037	2017-06-02 21:52:21	1	1	1	0
   232006	2017-06-02 21:53:08	1	1	1	0
   231180	2017-06-02 21:54:38	1	1	1	0
   232030	2017-06-02 21:54:49	1	1	1	0
   232039	2017-06-02 21:56:17	1	1	1	0
   233051	2017-06-02 21:56:24	1	1	1	0
   232019	2017-06-02 21:56:59	1	1	1	0
   233040	2017-06-02 21:57:40	1	1	1	0
   233089	2017-06-02 22:48:01	1	1	1	0
   233065	2017-06-02 22:55:54	1	1	1	0
   233077	2017-06-02 22:56:04	1	1	1	0
   234003	2017-06-03 06:11:34	1	1	1	0
   234007	2017-06-03 06:26:44	1	0	1	0
   233080	2017-06-03 06:33:08	1	0	1	0
   233003	2017-06-03 06:42:04	1	0	1	0
   233003	2017-06-03 06:42:06	1	0	1	0
   233037	2017-06-03 06:45:22	1	0	1	0
   233086	2017-06-03 06:58:18	1	0	1	0
   233086	2017-06-03 06:58:22	1	0	1	0
   233068	2017-06-03 06:59:06	1	0	1	0
   233082	2017-06-03 07:04:35	1	0	1	0
   233008	2017-06-03 07:05:28	1	0	1	0
   233001	2017-06-03 07:12:55	1	0	1	0
   233067	2017-06-03 07:13:02	1	0	1	0
   233084	2017-06-03 07:13:15	1	0	1	0
   233084	2017-06-03 07:13:18	1	0	1	0
   231036	2017-06-03 07:13:47	1	0	1	0
   233087	2017-06-03 07:17:01	1	0	1	0
   231277	2017-06-03 07:20:14	1	0	1	0
   231279	2017-06-03 07:21:49	1	0	1	0
   231279	2017-06-03 07:21:54	1	0	1	0
   231096	2017-06-03 07:22:25	1	0	1	0
   231187	2017-06-03 07:22:32	1	0	1	0
   231236	2017-06-03 07:25:20	1	0	1	0
   233013	2017-06-03 07:27:08	1	0	1	0
   233039	2017-06-03 07:27:21	1	0	1	0
   231237	2017-06-03 07:30:17	1	0	1	0
   231237	2017-06-03 07:30:31	1	0	1	0
   231237	2017-06-03 07:30:46	1	0	1	0
   233083	2017-06-03 07:30:52	1	0	1	0
   233014	2017-06-03 07:33:29	1	0	1	0
   233057	2017-06-03 07:34:41	1	0	1	0
   231196	2017-06-03 07:34:53	1	0	1	0
   232040	2017-06-03 07:35:40	1	0	1	0
   231252	2017-06-03 07:36:01	1	0	1	0
   233077	2017-06-03 07:37:17	1	0	1	0
   231138	2017-06-03 07:38:45	1	0	1	0
   233012	2017-06-03 07:41:29	1	0	1	0
   231281	2017-06-03 07:42:01	1	0	1	0
   231194	2017-06-03 07:44:03	1	0	1	0
   231056	2017-06-03 07:44:50	1	0	1	0
   233019	2017-06-03 07:47:31	1	0	1	0
   232011	2017-06-03 07:47:40	1	0	1	0
   233070	2017-06-03 07:47:50	1	0	1	0
   231039	2017-06-03 07:47:59	1	0	1	0
   231039	2017-06-03 07:48:01	1	0	1	0
   231180	2017-06-03 07:48:32	1	0	1	0
   232027	2017-06-03 07:53:43	1	0	1	0
   232001	2017-06-03 07:54:34	1	0	1	0
   232034	2017-06-03 07:57:39	1	0	1	0
   231209	2017-06-03 07:58:58	1	0	1	0
   231255	2017-06-03 07:59:52	1	0	1	0
   235006	2017-06-03 08:02:10	1	0	1	0
   232014	2017-06-03 08:05:11	1	0	1	0
   231038	2017-06-03 08:25:32	1	0	1	0
   234005	2017-06-03 08:31:41	1	0	1	0
   234006	2017-06-03 08:35:26	1	1	1	0
   234001	2017-06-03 08:36:25	1	1	1	0
   232025	2017-06-03 08:54:47	1	1	1	0
   232006	2017-06-03 09:58:55	1	0	1	0
   232019	2017-06-03 10:05:02	1	0	1	0
   233074	2017-06-03 10:07:45	1	0	1	0
   232030	2017-06-03 10:15:21	1	0	1	0
   233051	2017-06-03 10:18:35	1	0	1	0
   232039	2017-06-03 10:42:20	1	0	1	0
     1004	2017-06-03 10:52:15	1	0	1	0
   231100	2017-06-03 10:53:03	1	0	1	0
   234007	2017-06-03 13:07:36	1	1	1	0
   233001	2017-06-03 13:09:02	1	1	1	0
   233067	2017-06-03 14:03:05	1	1	1	0
   233077	2017-06-03 14:08:24	1	1	1	0
   233057	2017-06-03 14:13:00	1	1	1	0
   233088	2017-06-03 14:13:18	1	0	1	0
   232014	2017-06-03 14:13:34	1	0	1	0
   231194	2017-06-03 14:17:53	1	0	1	0
   231209	2017-06-03 14:17:58	1	0	1	0
   233086	2017-06-03 14:20:48	1	1	1	0
   233057	2017-06-03 14:20:57	1	1	1	0
   233039	2017-06-03 14:27:33	1	1	1	0
   231096	2017-06-03 14:27:46	1	1	1	0
   233019	2017-06-03 14:36:18	1	1	1	0
   233087	2017-06-03 14:38:06	1	1	1	0
   233065	2017-06-03 14:48:02	1	0	1	0
   231039	2017-06-03 14:49:25	1	0	1	0
   233013	2017-06-03 14:53:45	1	1	1	0
   231255	2017-06-03 14:54:07	1	1	1	0
   233089	2017-06-03 15:04:05	1	1	1	0
   233012	2017-06-03 15:07:52	1	1	1	0
   233043	2017-06-03 15:09:51	1	0	1	0
   233073	2017-06-03 15:11:54	1	0	1	0
   233074	2017-06-03 15:17:12	1	0	1	0
   233045	2017-06-03 15:19:37	1	0	1	0
   231196	2017-06-03 15:20:26	1	0	1	0
   235006	2017-06-03 15:21:20	1	1	1	0
   233008	2017-06-03 15:32:27	1	1	1	0
   233082	2017-06-03 15:32:34	1	1	1	0
   233055	2017-06-03 15:36:59	1	1	1	0
   231138	2017-06-03 15:42:05	1	1	1	0
   231138	2017-06-03 15:56:46	1	1	1	0
   231237	2017-06-03 15:59:15	1	1	1	0
   231237	2017-06-03 15:59:20	1	1	1	0
   232011	2017-06-03 16:00:51	1	1	1	0
   234005	2017-06-03 16:07:46	1	1	1	0
   233014	2017-06-03 16:11:33	1	1	1	0
   231281	2017-06-03 16:24:55	1	1	1	0
   231236	2017-06-03 16:26:44	1	1	1	0
   231279	2017-06-03 16:26:52	1	1	1	0
   231279	2017-06-03 16:26:55	1	1	1	0
   231277	2017-06-03 16:27:08	1	1	1	0
   231101	2017-06-03 16:28:02	1	1	1	0
   231036	2017-06-03 16:30:03	1	1	1	0
   233084	2017-06-03 16:35:37	1	1	1	0
   233084	2017-06-03 16:35:40	1	1	1	0
   233014	2017-06-03 16:35:45	1	1	1	0
   231252	2017-06-03 16:37:54	1	1	1	0
   231097	2017-06-03 16:43:14	1	1	1	0
   233003	2017-06-03 17:03:45	1	1	1	0
   231187	2017-06-03 17:04:12	1	1	1	0
   231038	2017-06-03 17:07:11	1	1	1	0
   233083	2017-06-03 17:12:31	1	1	1	0
   233082	2017-06-03 17:14:01	1	1	1	0
   233068	2017-06-03 17:14:42	1	1	1	0
   232019	2017-06-03 18:01:02	1	1	1	0
   233080	2017-06-03 18:08:35	1	1	1	0
   232030	2017-06-03 18:09:41	1	1	1	0
   232006	2017-06-03 18:10:40	1	1	1	0
   232039	2017-06-03 18:11:07	1	1	1	0
   233051	2017-06-03 18:11:12	1	1	1	0
   233051	2017-06-03 18:12:25	1	1	1	0
   233037	2017-06-03 18:47:40	1	1	1	0
   234001	2017-06-03 19:56:47	1	1	1	0
