   231237	2017-04-04 16:25:31	1	1	1	0
   231252	2017-04-04 16:25:40	1	1	1	0
   231036	2017-04-04 16:26:12	1	1	1	0
   231036	2017-04-04 16:26:56	1	1	1	0
   231236	2017-04-04 16:34:36	1	1	1	0
   233070	2017-04-04 16:37:47	1	1	1	0
   231138	2017-04-04 16:39:41	1	1	1	0
   231277	2017-04-04 16:42:03	1	1	1	0
   231236	2017-04-04 16:44:35	1	1	1	0
   231279	2017-04-04 16:44:38	1	1	1	0
   233039	2017-04-04 16:47:34	1	1	1	0
  2311186	2017-04-04 16:54:19	1	1	1	0
   233085	2017-04-04 16:54:51	1	0	1	0
   233019	2017-04-04 16:57:08	1	1	1	0
   231281	2017-04-04 16:58:26	1	1	1	0
   233065	2017-04-04 16:58:54	1	0	1	0
   232001	2017-04-04 17:01:44	1	0	1	0
   232034	2017-04-04 17:01:49	1	0	1	0
   232004	2017-04-04 17:02:00	1	1	1	0
   232026	2017-04-04 17:02:04	1	1	1	0
   232034	2017-04-04 17:02:08	1	1	1	0
   232001	2017-04-04 17:02:22	1	1	1	0
   232011	2017-04-04 17:04:07	1	1	1	0
   232014	2017-04-04 17:05:50	1	1	1	0
   231254	2017-04-04 17:14:19	1	1	1	0
   231258	2017-04-04 17:14:23	1	1	1	0
   231053	2017-04-04 17:22:09	1	1	1	0
   233086	2017-04-04 17:24:30	1	1	1	0
  2311186	2017-04-04 17:28:51	1	1	1	0
   233077	2017-04-04 17:32:36	1	1	1	0
   231194	2017-04-04 17:39:34	1	1	1	0
   233055	2017-04-04 17:40:30	1	1	1	0
   233001	2017-04-04 17:40:58	1	1	1	0
   231255	2017-04-04 18:02:57	1	1	1	0
   233013	2017-04-04 18:06:23	1	1	1	0
   235005	2017-04-04 18:10:57	1	1	1	0
   233040	2017-04-04 18:20:46	1	0	1	0
   233008	2017-04-04 18:28:45	1	0	1	0
   231048	2017-04-04 18:36:10	1	0	1	0
   231187	2017-04-04 18:37:35	1	1	1	0
   231180	2017-04-04 18:37:43	1	1	1	0
   234005	2017-04-04 18:44:06	1	0	1	0
   234005	2017-04-04 18:44:08	1	0	1	0
   234018	2017-04-04 18:51:38	1	1	1	0
   231209	2017-04-04 18:56:41	1	1	1	0
   231038	2017-04-04 18:57:49	1	1	1	0
   233074	2017-04-04 19:02:51	1	1	1	0
   233043	2017-04-04 19:03:56	1	0	1	0
   233069	2017-04-04 19:05:17	1	0	1	0
   233073	2017-04-04 19:05:32	1	0	1	0
   231101	2017-04-04 19:08:26	1	0	1	0
   231101	2017-04-04 19:08:28	1	0	1	0
   233078	2017-04-04 19:34:54	1	1	1	0
   231038	2017-04-04 19:54:11	1	1	1	0
   234003	2017-04-04 20:00:44	1	0	1	0
   231096	2017-04-04 20:08:04	1	0	1	0
   233080	2017-04-04 20:23:11	1	1	1	0
   234001	2017-04-04 20:33:43	1	1	1	0
   231096	2017-04-04 20:36:04	1	1	1	0
   233004	2017-04-04 20:56:23	1	1	1	0
   232006	2017-04-04 21:19:24	1	1	1	0
   233037	2017-04-04 21:19:34	1	1	1	0
   232019	2017-04-04 21:20:13	1	1	1	0
   232039	2017-04-04 21:21:11	1	1	1	0
   232030	2017-04-04 21:21:57	1	1	1	0
   233051	2017-04-04 21:22:00	1	1	1	0
   233045	2017-04-04 22:28:52	1	1	1	0
   233040	2017-04-04 22:28:58	1	1	1	0
   233085	2017-04-04 22:29:17	1	1	1	0
   233073	2017-04-04 22:29:27	1	1	1	0
   233043	2017-04-04 22:29:36	1	1	1	0
   233065	2017-04-04 22:29:57	1	1	1	0
   233065	2017-04-04 22:30:32	1	1	1	0
   233069	2017-04-04 22:30:42	1	1	1	0
   234007	2017-04-05 06:22:29	1	0	1	0
   233087	2017-04-05 06:36:32	1	0	1	0
   233012	2017-04-05 06:41:23	1	0	1	0
   233008	2017-04-05 06:45:36	1	0	1	0
   233003	2017-04-05 06:46:55	1	0	1	0
   233084	2017-04-05 06:49:04	1	0	1	0
   233001	2017-04-05 06:50:44	1	0	1	0
   233078	2017-04-05 07:05:55	1	0	1	0
   233080	2017-04-05 07:06:02	1	0	1	0
   231254	2017-04-05 07:06:27	1	0	1	0
   231097	2017-04-05 07:07:49	1	0	1	0
   231036	2017-04-05 07:08:45	1	0	1	0
   231277	2017-04-05 07:10:43	1	0	1	0
   233013	2017-04-05 07:10:49	1	0	1	0
   233077	2017-04-05 07:11:18	1	0	1	0
   233037	2017-04-05 07:11:29	1	0	1	0
   233083	2017-04-05 07:11:43	1	0	1	0
   231101	2017-04-05 07:12:02	1	0	1	0
  2311186	2017-04-05 07:13:20	1	0	1	0
   233039	2017-04-05 07:15:45	1	0	1	0
   233086	2017-04-05 07:16:55	1	0	1	0
   231258	2017-04-05 07:19:00	1	0	1	0
   231279	2017-04-05 07:23:57	1	0	1	0
   231038	2017-04-05 07:25:08	1	0	1	0
   231039	2017-04-05 07:25:48	1	0	1	0
   231138	2017-04-05 07:29:18	1	0	1	0
   231281	2017-04-05 07:29:38	1	0	1	0
   233014	2017-04-05 07:30:45	1	0	1	0
   233067	2017-04-05 07:32:48	1	0	1	0
   231236	2017-04-05 07:33:05	1	0	1	0
   231237	2017-04-05 07:33:16	1	0	1	0
   231237	2017-04-05 07:33:19	1	0	1	0
   233070	2017-04-05 07:33:48	1	0	1	0
   231196	2017-04-05 07:35:09	1	0	1	0
   231196	2017-04-05 07:35:11	1	0	1	0
   231187	2017-04-05 07:41:11	1	0	1	0
   231048	2017-04-05 07:43:14	1	0	1	0
   231255	2017-04-05 07:45:29	1	0	1	0
   231194	2017-04-05 07:46:58	1	0	1	0
   231180	2017-04-05 07:48:26	1	0	1	0
   231056	2017-04-05 07:49:16	1	0	1	0
   231252	2017-04-05 07:51:58	1	0	1	0
   231096	2017-04-05 07:52:07	1	0	1	0
   231209	2017-04-05 07:59:14	1	0	1	0
   232011	2017-04-05 08:03:09	1	0	1	0
   234003	2017-04-05 08:04:04	1	1	1	0
   232014	2017-04-05 08:08:04	1	1	1	0
   233019	2017-04-05 08:13:31	1	1	1	0
   232001	2017-04-05 08:13:54	1	0	1	0
   234001	2017-04-05 08:15:01	1	0	1	0
   234004	2017-04-05 08:17:27	1	0	1	0
   235005	2017-04-05 08:19:53	1	0	1	0
   232026	2017-04-05 08:22:17	1	0	1	0
   232004	2017-04-05 08:22:32	1	0	1	0
   232019	2017-04-05 10:04:57	1	0	1	0
   233074	2017-04-05 10:07:14	1	0	1	0
   232006	2017-04-05 13:03:53	1	0	1	0
   232039	2017-04-05 13:07:53	1	0	1	0
   233004	2017-04-05 13:09:24	1	0	1	0
   233051	2017-04-05 13:18:18	1	0	1	0
   232030	2017-04-05 13:24:26	1	0	1	0
   233067	2017-04-05 15:49:03	1	0	1	0
   233014	2017-04-05 15:53:49	1	0	1	0
   233083	2017-04-05 15:54:36	1	0	1	0
   233037	2017-04-05 15:54:49	1	0	1	0
   233080	2017-04-05 15:55:31	1	1	1	0
  2311186	2017-04-05 16:00:53	1	1	1	0
   233013	2017-04-05 16:06:48	1	1	1	0
   231196	2017-04-05 16:11:10	1	1	1	0
   233001	2017-04-05 16:14:46	1	1	1	0
   233003	2017-04-05 16:16:28	1	1	1	0
   233087	2017-04-05 16:16:36	1	1	1	0
   233039	2017-04-05 16:18:46	1	1	1	0
   233086	2017-04-05 16:29:22	1	1	1	0
   231237	2017-04-05 16:29:55	1	1	1	0
   231237	2017-04-05 16:29:57	1	1	1	0
   231036	2017-04-05 16:30:34	1	1	1	0
   231279	2017-04-05 16:32:57	1	1	1	0
   231252	2017-04-05 16:33:05	1	1	1	0
   231277	2017-04-05 16:33:22	1	1	1	0
   231138	2017-04-05 16:36:13	1	1	1	0
   233012	2017-04-05 16:43:07	1	1	1	0
   231254	2017-04-05 16:43:17	1	1	1	0
   233055	2017-04-05 16:52:11	1	1	1	0
   233085	2017-04-05 16:52:33	1	7	1	0
   233065	2017-04-05 16:52:44	1	0	1	0
   232014	2017-04-05 17:01:54	1	0	1	0
   232001	2017-04-05 17:05:21	1	1	1	0
   232004	2017-04-05 17:05:23	1	1	1	0
   232034	2017-04-05 17:05:27	1	1	1	0
   232026	2017-04-05 17:05:31	1	1	1	0
   232011	2017-04-05 17:05:55	1	1	1	0
   233019	2017-04-05 17:11:13	1	1	1	0
   231187	2017-04-05 17:12:54	1	1	1	0
   233070	2017-04-05 17:15:01	1	1	1	0
   231039	2017-04-05 17:15:18	1	1	1	0
   235005	2017-04-05 17:21:13	1	1	1	0
   233077	2017-04-05 17:22:57	1	1	1	0
   231236	2017-04-05 17:27:45	1	1	1	0
   231039	2017-04-05 17:31:03	1	1	1	0
   231281	2017-04-05 17:33:05	1	1	1	0
   231209	2017-04-05 17:35:47	1	1	1	0
   231194	2017-04-05 17:36:54	1	1	1	0
   231096	2017-04-05 17:38:02	1	1	1	0
   231038	2017-04-05 17:40:59	1	1	1	0
   233008	2017-04-05 17:43:36	1	1	1	0
   231027	2017-04-05 18:11:38	1	1	1	0
   231247	2017-04-05 18:11:46	1	1	1	0
   234003	2017-04-05 18:12:36	1	0	1	0
   231096	2017-04-05 18:13:28	1	0	1	0
   234018	2017-04-05 18:19:48	1	1	1	0
   231048	2017-04-05 18:22:44	1	1	1	0
   231258	2017-04-05 18:22:56	1	1	1	0
   231255	2017-04-05 18:23:12	1	1	1	0
   231255	2017-04-05 18:33:56	1	1	1	0
   233040	2017-04-05 18:36:08	1	0	1	0
   232019	2017-04-05 18:37:15	1	0	1	0
   233045	2017-04-05 18:46:16	1	0	1	0
   233074	2017-04-05 18:49:38	1	0	1	0
   233073	2017-04-05 18:51:26	1	0	1	0
   233043	2017-04-05 18:56:49	1	0	1	0
   233069	2017-04-05 19:02:22	1	0	1	0
   231101	2017-04-05 19:21:55	1	0	1	0
   231044	2017-04-05 19:22:00	1	0	1	0
   231039	2017-04-05 19:32:05	1	0	1	0
   233078	2017-04-05 19:39:59	1	1	1	0
   234001	2017-04-05 19:41:00	1	1	1	0
   231180	2017-04-05 19:44:35	1	1	1	0
   234004	2017-04-05 21:05:48	1	0	1	0
   232006	2017-04-05 21:13:44	1	1	1	0
   232006	2017-04-05 21:15:51	1	1	1	0
   233084	2017-04-05 21:39:50	1	1	1	0
   232030	2017-04-05 21:41:54	1	1	1	0
   232039	2017-04-05 21:42:04	1	1	1	0
   233051	2017-04-05 21:42:08	1	1	1	0
   233004	2017-04-05 21:43:12	1	1	1	0
   233069	2017-04-06 00:06:04	1	1	1	0
   233040	2017-04-06 00:06:52	1	1	1	0
   233073	2017-04-06 00:07:46	1	1	1	0
   233085	2017-04-06 00:07:59	1	1	1	0
   233043	2017-04-06 00:08:11	1	1	1	0
   233045	2017-04-06 00:09:04	1	1	1	0
   233065	2017-04-06 00:09:21	1	1	1	0
   233065	2017-04-06 00:10:13	1	1	1	0
   234003	2017-04-06 06:10:00	1	1	1	0
   234007	2017-04-06 06:19:58	1	0	1	0
   231097	2017-04-06 06:37:08	1	0	1	0
   233008	2017-04-06 06:37:45	1	0	1	0
   233087	2017-04-06 06:40:01	1	0	1	0
   233003	2017-04-06 06:40:09	1	0	1	0
   233012	2017-04-06 06:46:01	1	0	1	0
   233001	2017-04-06 06:46:55	1	0	1	0
   233084	2017-04-06 06:48:33	1	0	1	0
   233083	2017-04-06 07:01:48	1	0	1	0
   233080	2017-04-06 07:04:05	1	0	1	0
  2311186	2017-04-06 07:08:04	1	0	1	0
   233078	2017-04-06 07:10:25	1	0	1	0
   233039	2017-04-06 07:12:39	1	0	1	0
   233086	2017-04-06 07:13:33	1	0	1	0
   231101	2017-04-06 07:13:53	1	0	1	0
   233077	2017-04-06 07:15:28	1	0	1	0
   231277	2017-04-06 07:18:31	1	0	1	0
   231036	2017-04-06 07:18:51	1	0	1	0
   231279	2017-04-06 07:21:12	1	0	1	0
   233082	2017-04-06 07:23:16	1	0	1	0
   233055	2017-04-06 07:23:26	1	0	1	0
   231281	2017-04-06 07:23:50	1	0	1	0
   233013	2017-04-06 07:24:03	1	0	1	0
   233037	2017-04-06 07:26:43	1	0	1	0
   231038	2017-04-06 07:28:42	1	0	1	0
   231138	2017-04-06 07:29:29	1	0	1	0
   231053	2017-04-06 07:29:49	1	0	1	0
   231196	2017-04-06 07:32:01	1	0	1	0
   231196	2017-04-06 07:32:07	1	0	1	0
   231258	2017-04-06 07:33:57	1	0	1	0
   231237	2017-04-06 07:34:01	1	0	1	0
   231237	2017-04-06 07:34:03	1	0	1	0
   233067	2017-04-06 07:34:31	1	0	1	0
   231039	2017-04-06 07:35:47	1	0	1	0
   231039	2017-04-06 07:35:49	1	0	1	0
   231056	2017-04-06 07:35:56	1	0	1	0
   231236	2017-04-06 07:38:59	1	0	1	0
   231039	2017-04-06 07:39:06	1	0	1	0
   231039	2017-04-06 07:39:08	1	0	1	0
   231252	2017-04-06 07:39:44	1	0	1	0
   231048	2017-04-06 07:42:58	1	0	1	0
   233070	2017-04-06 07:45:35	1	0	1	0
   231254	2017-04-06 07:45:44	1	0	1	0
   231187	2017-04-06 07:45:56	1	0	1	0
   231194	2017-04-06 07:46:45	1	0	1	0
   231096	2017-04-06 07:47:49	1	0	1	0
   231180	2017-04-06 07:48:25	1	0	1	0
   231255	2017-04-06 07:49:04	1	0	1	0
   234006	2017-04-06 08:03:30	1	0	1	0
   234004	2017-04-06 08:05:11	1	1	1	0
   233019	2017-04-06 08:07:16	1	0	1	0
   232011	2017-04-06 08:09:57	1	0	1	0
   232014	2017-04-06 08:10:35	1	0	1	0
   232004	2017-04-06 08:11:24	1	0	1	0
   231209	2017-04-06 08:11:44	1	0	1	0
   232001	2017-04-06 08:12:42	1	0	1	0
   235005	2017-04-06 08:13:31	1	0	1	0
   232034	2017-04-06 08:16:06	1	0	1	0
   232026	2017-04-06 08:18:21	1	0	1	0
   234001	2017-04-06 08:34:08	1	0	1	0
   232019	2017-04-06 10:05:32	1	0	1	0
   233074	2017-04-06 10:21:27	1	0	1	0
   232006	2017-04-06 12:55:46	1	0	1	0
   232006	2017-04-06 12:55:48	1	0	1	0
   232039	2017-04-06 13:06:21	1	0	1	0
   233004	2017-04-06 13:07:13	1	0	1	0
   233051	2017-04-06 13:17:49	1	0	1	0
   233040	2017-04-06 13:53:18	1	0	1	0
   233073	2017-04-06 14:06:17	1	0	1	0
   233043	2017-04-06 14:20:11	1	0	1	0
   233087	2017-04-06 15:22:19	1	1	1	0
   234006	2017-04-06 15:26:00	1	1	1	0
   233012	2017-04-06 15:34:45	1	1	1	0
   234007	2017-04-06 15:45:07	1	1	1	0
   233008	2017-04-06 15:59:16	1	1	1	0
   233013	2017-04-06 15:59:20	1	1	1	0
  2311186	2017-04-06 16:03:43	1	1	1	0
   233067	2017-04-06 16:05:08	1	1	1	0
   231277	2017-04-06 16:05:26	1	1	1	0
   233039	2017-04-06 16:06:23	1	1	1	0
   233083	2017-04-06 16:07:38	1	1	1	0
   233001	2017-04-06 16:08:27	1	1	1	0
   233077	2017-04-06 16:10:28	1	1	1	0
   233086	2017-04-06 16:21:11	1	1	1	0
   231036	2017-04-06 16:22:56	1	1	1	0
   231237	2017-04-06 16:23:00	1	1	1	0
   231237	2017-04-06 16:23:02	1	1	1	0
   231138	2017-04-06 16:25:01	1	1	1	0
   231236	2017-04-06 16:27:02	1	1	1	0
   231279	2017-04-06 16:31:19	1	1	1	0
   231279	2017-04-06 16:31:21	1	1	1	0
   233019	2017-04-06 16:32:42	1	1	1	0
   231279	2017-04-06 16:32:48	1	1	1	0
   233086	2017-04-06 16:32:57	1	1	1	0
   231138	2017-04-06 16:33:01	1	1	1	0
   233080	2017-04-06 16:35:04	1	1	1	0
   231252	2017-04-06 16:39:01	1	1	1	0
   231196	2017-04-06 16:51:18	1	1	1	0
   231252	2017-04-06 16:52:12	1	1	1	0
   233085	2017-04-06 16:53:04	1	0	1	0
   233065	2017-04-06 16:54:53	1	0	1	0
   233065	2017-04-06 16:55:07	1	0	1	0
   231039	2017-04-06 17:08:19	1	1	1	0
   231039	2017-04-06 17:08:21	1	1	1	0
   232026	2017-04-06 17:10:40	1	1	1	0
   232004	2017-04-06 17:10:59	1	1	1	0
   232004	2017-04-06 17:11:03	1	1	1	0
   233070	2017-04-06 17:11:07	1	1	1	0
   232034	2017-04-06 17:11:12	1	1	1	0
   233014	2017-04-06 17:20:28	1	1	1	0
   232014	2017-04-06 17:22:14	1	1	1	0
   233037	2017-04-06 17:24:05	1	1	1	0
   233055	2017-04-06 17:24:34	1	1	1	0
   231039	2017-04-06 17:28:55	1	1	1	0
   233003	2017-04-06 17:34:14	1	1	1	0
   231180	2017-04-06 17:39:59	1	1	1	0
   231187	2017-04-06 17:40:29	1	1	1	0
   232011	2017-04-06 17:40:33	1	1	1	0
   231194	2017-04-06 17:44:04	1	1	1	0
   231254	2017-04-06 17:56:17	1	1	1	0
   231096	2017-04-06 17:56:52	1	1	1	0
   231281	2017-04-06 18:00:09	1	1	1	0
   231258	2017-04-06 18:01:55	1	1	1	0
   231209	2017-04-06 18:08:46	1	1	1	0
   231255	2017-04-06 18:08:57	1	1	1	0
   231255	2017-04-06 18:11:33	1	1	1	0
   231048	2017-04-06 18:23:12	1	1	1	0
   234003	2017-04-06 18:25:18	1	0	1	0
   231097	2017-04-06 18:25:45	1	0	1	0
   231101	2017-04-06 18:30:25	1	0	1	0
   235005	2017-04-06 18:34:47	1	0	1	0
   233088	2017-04-06 18:35:56	1	0	1	0
   232019	2017-04-06 18:36:46	1	0	1	0
   233045	2017-04-06 18:52:02	1	0	1	0
   234018	2017-04-06 18:52:26	1	1	1	0
   233074	2017-04-06 19:00:19	1	1	1	0
   233069	2017-04-06 19:02:04	1	1	1	0
   233069	2017-04-06 19:02:08	1	0	1	0
   231053	2017-04-06 19:37:54	1	0	1	0
   231053	2017-04-06 19:38:03	1	0	1	0
   233078	2017-04-06 19:43:06	1	1	1	0
   234004	2017-04-06 20:17:04	1	0	1	0
   234001	2017-04-06 20:18:09	1	0	1	0
   232006	2017-04-06 20:46:20	1	1	1	0
   232006	2017-04-06 20:47:02	1	1	1	0
   233004	2017-04-06 20:52:20	1	1	1	0
   232030	2017-04-06 21:07:13	1	1	1	0
   232030	2017-04-06 21:07:18	1	1	1	0
   232039	2017-04-06 21:07:30	1	1	1	0
   233051	2017-04-06 21:07:37	1	1	1	0
   233051	2017-04-06 21:09:02	1	1	1	0
   233040	2017-04-06 23:31:23	1	1	1	0
   233088	2017-04-06 23:40:57	1	1	1	0
   233073	2017-04-06 23:41:22	1	1	1	0
   233069	2017-04-06 23:41:34	1	1	1	0
   233043	2017-04-06 23:41:47	1	1	1	0
   233045	2017-04-06 23:42:04	1	1	1	0
   233085	2017-04-06 23:42:34	1	1	1	0
   233065	2017-04-06 23:44:14	1	1	1	0
   233065	2017-04-06 23:45:00	1	1	1	0
   234003	2017-04-07 06:10:05	1	1	1	0
   234007	2017-04-07 06:26:13	1	0	1	0
   233003	2017-04-07 06:39:48	1	0	1	0
   233087	2017-04-07 06:40:11	1	0	1	0
   233008	2017-04-07 06:41:58	1	0	1	0
   231036	2017-04-07 06:52:36	1	0	1	0
   233012	2017-04-07 06:56:20	1	0	1	0
   233084	2017-04-07 06:57:33	1	0	1	0
   233083	2017-04-07 07:02:49	1	0	1	0
   233001	2017-04-07 07:07:33	1	0	1	0
   233013	2017-04-07 07:08:36	1	0	1	0
   233082	2017-04-07 07:10:45	1	0	1	0
  2311186	2017-04-07 07:11:24	1	0	1	0
   233080	2017-04-07 07:14:45	1	0	1	0
   233039	2017-04-07 07:15:14	1	0	1	0
   233078	2017-04-07 07:15:42	1	0	1	0
   233068	2017-04-07 07:15:47	1	0	1	0
   233086	2017-04-07 07:17:36	1	0	1	0
   233077	2017-04-07 07:17:44	1	0	1	0
   231277	2017-04-07 07:19:24	1	0	1	0
   233037	2017-04-07 07:19:40	1	0	1	0
   231101	2017-04-07 07:23:25	1	0	1	0
   231097	2017-04-07 07:23:57	1	0	1	0
   231279	2017-04-07 07:26:10	1	0	1	0
   231279	2017-04-07 07:26:13	1	0	1	0
   231038	2017-04-07 07:29:48	1	0	1	0
   231038	2017-04-07 07:29:55	1	0	1	0
   231048	2017-04-07 07:30:15	1	0	1	0
   231281	2017-04-07 07:31:22	1	0	1	0
   231196	2017-04-07 07:32:11	1	0	1	0
   231255	2017-04-07 07:37:36	1	0	1	0
   233067	2017-04-07 07:37:42	1	0	1	0
   231138	2017-04-07 07:38:42	1	0	1	0
   231255	2017-04-07 07:38:57	1	0	1	0
   231237	2017-04-07 07:39:37	1	0	1	0
   231236	2017-04-07 07:40:14	1	0	1	0
   231096	2017-04-07 07:40:32	1	0	1	0
   231254	2017-04-07 07:41:09	1	0	1	0
   231258	2017-04-07 07:43:03	1	0	1	0
   231056	2017-04-07 07:44:38	1	0	1	0
   233070	2017-04-07 07:44:50	1	0	1	0
   231039	2017-04-07 07:46:26	1	0	1	0
   231252	2017-04-07 07:46:32	1	0	1	0
   231209	2017-04-07 07:47:43	1	0	1	0
   231187	2017-04-07 07:48:04	1	0	1	0
   231053	2017-04-07 07:48:37	1	0	1	0
   231044	2017-04-07 07:50:03	1	0	1	0
   231233	2017-04-07 07:51:50	1	0	1	0
   231273	2017-04-07 07:57:14	1	0	1	0
   231273	2017-04-07 07:57:17	1	0	1	0
   231180	2017-04-07 07:58:46	1	0	1	0
   232014	2017-04-07 08:00:28	1	0	1	0
   231194	2017-04-07 08:00:54	1	0	1	0
   234006	2017-04-07 08:04:43	1	0	1	0
   233019	2017-04-07 08:05:48	1	0	1	0
   234004	2017-04-07 08:06:30	1	1	1	0
   231231	2017-04-07 08:07:44	1	0	1	0
   232011	2017-04-07 08:11:22	1	0	1	0
   235005	2017-04-07 08:17:44	1	0	1	0
   232001	2017-04-07 08:18:21	1	0	1	0
   231278	2017-04-07 08:21:15	1	0	1	0
   232026	2017-04-07 08:21:54	1	0	1	0
   232004	2017-04-07 08:24:34	1	0	1	0
   234001	2017-04-07 08:39:00	1	0	1	0
   232019	2017-04-07 10:07:18	1	0	1	0
   233074	2017-04-07 10:09:31	1	0	1	0
   233004	2017-04-07 12:46:17	1	0	1	0
   232039	2017-04-07 13:10:40	1	0	1	0
   232030	2017-04-07 13:11:03	1	0	1	0
   232006	2017-04-07 13:13:29	1	0	1	0
   233051	2017-04-07 13:16:07	1	0	1	0
   233069	2017-04-07 14:01:41	1	0	1	0
   234007	2017-04-07 15:42:31	1	1	1	0
   233008	2017-04-07 15:50:22	1	1	1	0
   233087	2017-04-07 16:02:01	1	1	1	0
   233067	2017-04-07 16:04:34	1	1	1	0
   233001	2017-04-07 16:10:16	1	1	1	0
   233013	2017-04-07 16:13:10	1	1	1	0
   233014	2017-04-07 16:15:50	1	1	1	0
   233012	2017-04-07 16:19:48	1	1	1	0
   233084	2017-04-07 16:21:22	1	1	1	0
   233055	2017-04-07 16:26:13	1	1	1	0
   231279	2017-04-07 16:26:25	1	1	1	0
   231236	2017-04-07 16:26:29	1	1	1	0
   233039	2017-04-07 16:27:37	1	1	1	0
   233003	2017-04-07 16:29:43	1	1	1	0
   231138	2017-04-07 16:30:21	1	1	1	0
   231237	2017-04-07 16:32:35	1	1	1	0
   231236	2017-04-07 16:34:00	1	1	1	0
   231196	2017-04-07 16:35:37	1	1	1	0
   231196	2017-04-07 16:38:27	1	1	1	0
   233019	2017-04-07 16:42:48	1	1	1	0
   233070	2017-04-07 16:43:54	1	1	1	0
   231277	2017-04-07 16:44:01	1	1	1	0
   233077	2017-04-07 16:44:55	1	1	1	0
   231194	2017-04-07 16:45:59	1	1	1	0
   233082	2017-04-07 16:46:21	1	1	1	0
   231252	2017-04-07 16:48:18	1	1	1	0
   231036	2017-04-07 16:49:12	1	1	1	0
   231039	2017-04-07 16:51:16	1	1	1	0
   231039	2017-04-07 16:51:18	1	1	1	0
   233065	2017-04-07 16:58:34	1	0	1	0
   231281	2017-04-07 16:59:12	1	0	1	0
   233085	2017-04-07 17:03:12	1	0	1	0
   232026	2017-04-07 17:04:01	1	1	1	0
   232004	2017-04-07 17:04:07	1	1	1	0
   232001	2017-04-07 17:05:29	1	1	1	0
   232034	2017-04-07 17:05:33	1	1	1	0
  2311186	2017-04-07 17:06:53	1	1	1	0
   232011	2017-04-07 17:07:54	1	1	1	0
   233068	2017-04-07 17:17:25	1	1	1	0
   231254	2017-04-07 17:22:06	1	1	1	0
   231258	2017-04-07 17:22:38	1	1	1	0
   232014	2017-04-07 17:26:51	1	1	1	0
  2311186	2017-04-07 17:43:14	1	1	1	0
   233040	2017-04-07 17:43:29	1	0	1	0
   231209	2017-04-07 17:43:43	1	0	1	0
   231096	2017-04-07 17:44:25	1	0	1	0
   231255	2017-04-07 17:49:16	1	0	1	0
   231187	2017-04-07 17:50:36	1	1	1	0
   231180	2017-04-07 17:55:17	1	1	1	0
   233086	2017-04-07 18:04:53	1	1	1	0
   233083	2017-04-07 18:05:00	1	1	1	0
   231255	2017-04-07 18:09:00	1	1	1	0
   234004	2017-04-07 18:22:37	1	0	1	0
   234018	2017-04-07 18:32:36	1	1	1	0
   233088	2017-04-07 18:34:54	1	0	1	0
   231231	2017-04-07 18:50:13	1	0	1	0
   231048	2017-04-07 18:50:16	1	0	1	0
   231278	2017-04-07 18:50:21	1	0	1	0
   231233	2017-04-07 18:50:28	1	0	1	0
   231273	2017-04-07 18:50:31	1	0	1	0
   231273	2017-04-07 18:50:35	1	0	1	0
   233045	2017-04-07 18:52:16	1	0	1	0
   233073	2017-04-07 18:53:38	1	0	1	0
   233043	2017-04-07 18:56:47	1	0	1	0
   233074	2017-04-07 18:59:24	1	0	1	0
   233078	2017-04-07 19:21:30	1	1	1	0
   231101	2017-04-07 19:30:40	1	1	1	0
   231044	2017-04-07 19:30:43	1	1	1	0
   231097	2017-04-07 19:30:49	1	1	1	0
   231044	2017-04-07 19:31:40	1	1	1	0
   233037	2017-04-07 20:08:00	1	1	1	0
   232019	2017-04-07 20:41:47	1	1	1	0
   234001	2017-04-07 21:46:24	1	1	1	0
   232039	2017-04-07 21:58:51	1	1	1	0
   232039	2017-04-07 22:00:03	1	1	1	0
   232006	2017-04-07 22:01:22	1	1	1	0
   233051	2017-04-07 22:02:08	1	1	1	0
   233051	2017-04-07 22:02:38	1	1	1	0
   232030	2017-04-07 22:29:28	1	1	1	0
   233004	2017-04-07 22:29:53	1	1	1	0
   233040	2017-04-07 23:47:42	1	1	1	0
   233069	2017-04-07 23:48:25	1	1	1	0
   233073	2017-04-07 23:48:33	1	1	1	0
   233088	2017-04-07 23:48:38	1	1	1	0
   233045	2017-04-07 23:52:23	1	1	1	0
   233043	2017-04-07 23:52:40	1	1	1	0
   233085	2017-04-07 23:54:41	1	1	1	0
   233065	2017-04-07 23:55:30	1	1	1	0
   234007	2017-04-08 06:28:45	1	0	1	0
   234004	2017-04-08 06:29:50	1	1	1	0
   233087	2017-04-08 06:38:01	1	0	1	0
   233012	2017-04-08 06:47:13	1	0	1	0
   233003	2017-04-08 06:49:05	1	0	1	0
   233078	2017-04-08 06:57:47	1	0	1	0
   233084	2017-04-08 07:02:26	1	0	1	0
   233001	2017-04-08 07:02:34	1	0	1	0
   233037	2017-04-08 07:11:14	1	0	1	0
   231097	2017-04-08 07:12:38	1	0	1	0
   233077	2017-04-08 07:13:51	1	0	1	0
   233039	2017-04-08 07:14:20	1	0	1	0
   233083	2017-04-08 07:14:58	1	0	1	0
   231036	2017-04-08 07:16:42	1	0	1	0
   231277	2017-04-08 07:18:34	1	0	1	0
   233082	2017-04-08 07:18:48	1	0	1	0
  2311186	2017-04-08 07:20:28	1	0	1	0
   233086	2017-04-08 07:20:57	1	0	1	0
   231279	2017-04-08 07:21:31	1	0	1	0
   233068	2017-04-08 07:21:46	1	0	1	0
   233080	2017-04-08 07:24:07	1	0	1	0
   233008	2017-04-08 07:24:51	1	0	1	0
   233055	2017-04-08 07:27:09	1	0	1	0
   231038	2017-04-08 07:28:36	1	0	1	0
   233013	2017-04-08 07:29:02	1	0	1	0
   231053	2017-04-08 07:29:47	1	0	1	0
   231258	2017-04-08 07:31:24	1	0	1	0
   231196	2017-04-08 07:33:16	1	0	1	0
   231196	2017-04-08 07:33:18	1	0	1	0
   231138	2017-04-08 07:35:29	1	0	1	0
   233067	2017-04-08 07:36:06	1	0	1	0
   232014	2017-04-08 07:38:13	1	0	1	0
   233040	2017-04-08 07:38:31	1	0	1	0
   231281	2017-04-08 07:39:10	1	0	1	0
   231236	2017-04-08 07:39:56	1	0	1	0
   231237	2017-04-08 07:41:34	1	0	1	0
   231237	2017-04-08 07:41:36	1	0	1	0
   231101	2017-04-08 07:42:12	1	0	1	0
   233070	2017-04-08 07:42:28	1	0	1	0
   231255	2017-04-08 07:44:52	1	0	1	0
   231039	2017-04-08 07:47:10	1	0	1	0
   231039	2017-04-08 07:47:12	1	0	1	0
   231187	2017-04-08 07:47:23	1	0	1	0
   231056	2017-04-08 07:47:55	1	0	1	0
   231048	2017-04-08 07:48:59	1	0	1	0
   231096	2017-04-08 07:59:22	1	0	1	0
   232001	2017-04-08 08:02:56	1	0	1	0
   231180	2017-04-08 08:03:24	1	0	1	0
   231209	2017-04-08 08:06:08	1	0	1	0
   231194	2017-04-08 08:10:38	1	0	1	0
   231254	2017-04-08 08:11:03	1	0	1	0
   235005	2017-04-08 08:11:55	1	0	1	0
   233019	2017-04-08 08:12:58	1	0	1	0
   233019	2017-04-08 08:12:59	1	0	1	0
   232011	2017-04-08 08:13:14	1	0	1	0
   232011	2017-04-08 08:13:19	1	0	1	0
   232034	2017-04-08 08:18:25	1	0	1	0
   234005	2017-04-08 08:23:41	1	0	1	0
   234005	2017-04-08 08:23:42	1	0	1	0
   234006	2017-04-08 08:24:40	1	1	1	0
   232004	2017-04-08 08:25:32	1	1	1	0
   231273	2017-04-08 08:28:34	1	1	1	0
   232019	2017-04-08 10:02:47	1	1	1	0
   232006	2017-04-08 10:11:03	1	0	1	0
   232039	2017-04-08 10:14:14	1	0	1	0
   232030	2017-04-08 10:18:42	1	0	1	0
   233051	2017-04-08 10:19:32	1	0	1	0
   233004	2017-04-08 10:22:08	1	0	1	0
   233001	2017-04-08 13:03:02	1	1	1	0
   231236	2017-04-08 13:33:31	1	1	1	0
   231138	2017-04-08 13:35:19	1	1	1	0
   231279	2017-04-08 13:35:53	1	1	1	0
   231237	2017-04-08 13:50:27	1	1	1	0
   231237	2017-04-08 13:50:29	1	1	1	0
   231237	2017-04-08 13:53:22	1	1	1	0
   232014	2017-04-08 13:56:16	1	1	1	0
   231038	2017-04-08 14:00:46	1	1	1	0
   232001	2017-04-08 14:04:17	1	1	1	0
   232004	2017-04-08 14:05:59	1	1	1	0
   232026	2017-04-08 14:09:25	1	1	1	0
   232034	2017-04-08 14:09:35	1	1	1	0
   231196	2017-04-08 14:12:06	1	1	1	0
   232011	2017-04-08 14:12:12	1	1	1	0
   231036	2017-04-08 14:12:25	1	1	1	0
   231036	2017-04-08 14:12:45	1	1	1	0
   232034	2017-04-08 14:12:55	1	1	1	0
   233074	2017-04-08 14:18:18	1	1	1	0
   233074	2017-04-08 14:18:26	1	5	1	0
   235005	2017-04-08 14:20:18	1	5	1	0
  2311186	2017-04-08 14:24:28	1	1	1	0
   231277	2017-04-08 14:24:55	1	1	1	0
   233068	2017-04-08 14:31:22	1	1	1	0
   231281	2017-04-08 14:33:42	1	1	1	0
   233067	2017-04-08 14:45:00	1	1	1	0
   233085	2017-04-08 14:48:44	1	0	1	0
   233065	2017-04-08 14:51:28	1	0	1	0
   233040	2017-04-08 14:52:15	1	1	1	0
   233014	2017-04-08 14:52:19	1	1	1	0
   233088	2017-04-08 14:55:02	1	0	1	0
   233013	2017-04-08 14:55:31	1	0	1	0
   233013	2017-04-08 14:55:42	1	1	1	0
   233043	2017-04-08 14:55:59	1	0	1	0
   233019	2017-04-08 14:57:52	1	1	1	0
   233039	2017-04-08 15:00:07	1	1	1	0
   233083	2017-04-08 15:00:27	1	1	1	0
   231209	2017-04-08 15:00:52	1	1	1	0
   231048	2017-04-08 15:01:23	1	1	1	0
   233082	2017-04-08 15:02:36	1	1	1	0
   233045	2017-04-08 15:04:54	1	0	1	0
   231254	2017-04-08 15:16:30	1	0	1	0
   233008	2017-04-08 15:20:18	1	1	1	0
   233073	2017-04-08 15:20:28	1	0	1	0
   233069	2017-04-08 15:21:30	1	0	1	0
   233055	2017-04-08 15:27:23	1	1	1	0
   231258	2017-04-08 15:28:10	1	1	1	0
   231101	2017-04-08 15:28:31	1	1	1	0
   231097	2017-04-08 15:28:34	1	1	1	0
   231255	2017-04-08 15:31:30	1	1	1	0
   233003	2017-04-08 15:31:35	1	1	1	0
   233070	2017-04-08 15:35:19	1	1	1	0
   233080	2017-04-08 15:45:48	1	1	1	0
   233037	2017-04-08 15:47:16	1	1	1	0
   233077	2017-04-08 15:58:42	1	1	1	0
   231039	2017-04-08 16:11:57	1	1	1	0
   234004	2017-04-08 16:13:55	1	0	1	0
   231187	2017-04-08 16:29:15	1	1	1	0
   231180	2017-04-08 16:36:20	1	1	1	0
   232019	2017-04-08 17:03:11	1	1	1	0
   233087	2017-04-08 17:48:21	1	1	1	0
   233012	2017-04-08 17:48:48	1	1	1	0
   233012	2017-04-08 17:50:23	1	1	1	0
   233078	2017-04-08 17:52:13	1	1	1	0
   233086	2017-04-08 18:08:44	1	1	1	0
   233004	2017-04-08 18:18:26	1	1	1	0
   232030	2017-04-08 18:22:51	1	1	1	0
   232006	2017-04-08 18:30:40	1	1	1	0
   232039	2017-04-08 18:31:17	1	1	1	0
   233051	2017-04-08 18:31:26	1	1	1	0
   233051	2017-04-08 18:32:26	1	1	1	0
   234001	2017-04-08 19:05:14	1	1	1	0
   233088	2017-04-08 19:57:09	1	1	1	0
   233085	2017-04-08 19:57:21	1	1	1	0
   233069	2017-04-08 19:57:32	1	1	1	0
   233065	2017-04-08 19:57:57	1	1	1	0
   233073	2017-04-08 19:58:07	1	1	1	0
   233045	2017-04-08 19:58:16	1	1	1	0
   233043	2017-04-08 19:58:46	1	1	1	0
   233065	2017-04-08 19:58:52	1	1	1	0
   233074	2017-04-08 19:58:57	1	1	1	0
   234006	2017-04-08 20:09:07	1	0	1	0
   234004	2017-04-09 06:34:20	1	1	1	0
   234005	2017-04-09 08:33:22	1	0	1	0
   234005	2017-04-09 08:33:24	1	0	1	0
   234006	2017-04-09 08:34:29	1	1	1	0
   234006	2017-04-09 16:05:29	1	0	1	0
   234005	2017-04-09 16:05:53	1	1	1	0
   234005	2017-04-09 21:35:10	1	0	1	0
   234006	2017-04-10 06:05:02	1	1	1	0
   234007	2017-04-10 06:27:18	1	0	1	0
   233003	2017-04-10 06:40:44	1	0	1	0
   233003	2017-04-10 06:40:46	1	0	1	0
   233012	2017-04-10 06:46:19	1	0	1	0
   233008	2017-04-10 06:49:41	1	0	1	0
   233084	2017-04-10 06:51:08	1	0	1	0
   233087	2017-04-10 06:52:30	1	0	1	0
   233003	2017-04-10 07:02:04	1	0	1	0
  2311186	2017-04-10 07:06:06	1	0	1	0
   231036	2017-04-10 07:11:18	1	0	1	0
   233083	2017-04-10 07:11:25	1	0	1	0
   233078	2017-04-10 07:12:57	1	0	1	0
   233001	2017-04-10 07:13:25	1	0	1	0
   233077	2017-04-10 07:13:32	1	0	1	0
   233086	2017-04-10 07:14:24	1	0	1	0
   233082	2017-04-10 07:14:36	1	0	1	0
   233037	2017-04-10 07:14:57	1	0	1	0
   233013	2017-04-10 07:18:35	1	0	1	0
   233039	2017-04-10 07:19:00	1	0	1	0
   231277	2017-04-10 07:20:33	1	0	1	0
   231097	2017-04-10 07:25:25	1	0	1	0
   231279	2017-04-10 07:28:07	1	0	1	0
   231279	2017-04-10 07:28:10	1	0	1	0
   231281	2017-04-10 07:29:01	1	0	1	0
   231101	2017-04-10 07:31:44	1	0	1	0
   231101	2017-04-10 07:31:46	1	0	1	0
   233070	2017-04-10 07:33:07	1	0	1	0
   231138	2017-04-10 07:33:45	1	0	1	0
   233068	2017-04-10 07:33:52	1	0	1	0
   231252	2017-04-10 07:34:36	1	0	1	0
   231196	2017-04-10 07:36:39	1	0	1	0
   231236	2017-04-10 07:36:46	1	0	1	0
   233067	2017-04-10 07:38:11	1	0	1	0
   231237	2017-04-10 07:38:44	1	0	1	0
   231237	2017-04-10 07:38:46	1	0	1	0
   231187	2017-04-10 07:42:05	1	0	1	0
   231039	2017-04-10 07:43:10	1	0	1	0
   231039	2017-04-10 07:43:12	1	0	1	0
   231038	2017-04-10 07:43:28	1	0	1	0
   231180	2017-04-10 07:51:49	1	0	1	0
   231255	2017-04-10 07:54:40	1	0	1	0
   231056	2017-04-10 07:56:03	1	0	1	0
   231258	2017-04-10 07:58:15	1	0	1	0
   233019	2017-04-10 08:03:53	1	0	1	0
   232034	2017-04-10 08:07:07	1	0	1	0
   231254	2017-04-10 08:08:58	1	0	1	0
   234005	2017-04-10 08:09:54	1	1	1	0
   234005	2017-04-10 08:09:56	1	1	1	0
   234003	2017-04-10 08:10:24	1	0	1	0
   235005	2017-04-10 08:10:41	1	0	1	0
   232011	2017-04-10 08:10:58	1	0	1	0
   231194	2017-04-10 08:11:24	1	0	1	0
   231209	2017-04-10 08:11:43	1	0	1	0
   232014	2017-04-10 08:12:38	1	0	1	0
   232001	2017-04-10 08:15:33	1	0	1	0
   232026	2017-04-10 08:15:57	1	0	1	0
   233074	2017-04-10 10:12:14	1	0	1	0
   234018	2017-04-10 10:14:58	1	0	1	0
   232006	2017-04-10 12:08:15	1	0	1	0
   232039	2017-04-10 13:07:46	1	0	1	0
   233004	2017-04-10 13:12:20	1	0	1	0
   233051	2017-04-10 13:15:46	1	0	1	0
   232030	2017-04-10 13:18:30	1	0	1	0
   233008	2017-04-10 15:28:14	1	1	1	0
   233082	2017-04-10 15:39:13	1	1	1	0
   233087	2017-04-10 15:39:41	1	1	1	0
   233012	2017-04-10 15:47:58	1	1	1	0
   234007	2017-04-10 15:48:31	1	1	1	0
   233086	2017-04-10 16:00:04	1	1	1	0
   233086	2017-04-10 16:00:08	1	1	1	0
   233013	2017-04-10 16:02:47	1	1	1	0
   233082	2017-04-10 16:02:55	1	1	1	0
   233003	2017-04-10 16:03:05	1	1	1	0
   233014	2017-04-10 16:03:42	1	1	1	0
   233039	2017-04-10 16:03:47	1	1	1	0
  2311186	2017-04-10 16:03:53	1	1	1	0
   233067	2017-04-10 16:04:01	1	1	1	0
   233077	2017-04-10 16:04:10	1	1	1	0
   233068	2017-04-10 16:04:30	1	1	1	0
   233037	2017-04-10 16:07:26	1	1	1	0
   231194	2017-04-10 16:11:24	1	1	1	0
   231277	2017-04-10 16:12:34	1	1	1	0
   231254	2017-04-10 16:19:52	1	1	1	0
   231236	2017-04-10 16:25:24	1	1	1	0
   233084	2017-04-10 16:25:57	1	1	1	0
   233019	2017-04-10 16:26:19	1	1	1	0
   231196	2017-04-10 16:32:30	1	1	1	0
   231196	2017-04-10 16:32:32	1	1	1	0
   231138	2017-04-10 16:32:49	1	1	1	0
   231279	2017-04-10 16:32:58	1	1	1	0
   231279	2017-04-10 16:32:59	1	1	1	0
   231236	2017-04-10 16:33:03	1	1	1	0
   231036	2017-04-10 16:35:08	1	1	1	0
   231252	2017-04-10 16:35:55	1	1	1	0
   231258	2017-04-10 16:36:10	1	1	1	0
   233085	2017-04-10 16:38:37	1	0	1	0
   233070	2017-04-10 16:39:27	1	0	1	0
   231237	2017-04-10 16:40:30	1	0	1	0
   231237	2017-04-10 16:40:33	1	0	1	0
   231255	2017-04-10 16:51:05	1	1	1	0
   231209	2017-04-10 16:51:45	1	1	1	0
   233065	2017-04-10 16:54:06	1	0	1	0
   231281	2017-04-10 16:59:43	1	0	1	0
   232001	2017-04-10 17:13:01	1	1	1	0
   232034	2017-04-10 17:13:14	1	1	1	0
   232011	2017-04-10 17:17:31	1	1	1	0
   233001	2017-04-10 17:20:05	1	1	1	0
   232014	2017-04-10 17:38:21	1	1	1	0
   231187	2017-04-10 17:47:05	1	1	1	0
   231038	2017-04-10 17:55:04	1	1	1	0
   234006	2017-04-10 18:01:58	1	0	1	0
   233088	2017-04-10 18:34:43	1	0	1	0
   232026	2017-04-10 18:35:51	1	1	1	0
   233045	2017-04-10 18:36:55	1	0	1	0
   234018	2017-04-10 18:38:44	1	1	1	0
   232019	2017-04-10 18:44:08	1	1	1	0
   233043	2017-04-10 18:46:24	1	0	1	0
   235005	2017-04-10 18:48:54	1	0	1	0
   233073	2017-04-10 18:53:19	1	0	1	0
   231101	2017-04-10 18:53:40	1	0	1	0
   231097	2017-04-10 18:56:32	1	0	1	0
   233069	2017-04-10 19:04:43	1	0	1	0
   231039	2017-04-10 19:26:00	1	0	1	0
   233078	2017-04-10 19:28:39	1	1	1	0
   231180	2017-04-10 19:32:26	1	1	1	0
   234005	2017-04-10 20:26:14	1	0	1	0
   234005	2017-04-10 20:26:18	1	0	1	0
   233074	2017-04-10 20:29:46	1	0	1	0
   234001	2017-04-10 20:54:04	1	0	1	0
   232006	2017-04-10 21:17:29	1	1	1	0
   233004	2017-04-10 21:49:41	1	1	1	0
   232030	2017-04-10 21:50:46	1	1	1	0
   232039	2017-04-10 21:50:50	1	1	1	0
   233051	2017-04-10 21:50:56	1	1	1	0
   233051	2017-04-10 21:52:27	1	1	1	0
   233065	2017-04-11 02:01:41	1	1	1	0
   233065	2017-04-11 02:02:28	1	1	1	0
   233085	2017-04-11 02:05:15	1	1	1	0
   233088	2017-04-11 02:55:19	1	1	1	0
   233073	2017-04-11 02:55:33	1	1	1	0
   233043	2017-04-11 02:55:42	1	1	1	0
   233045	2017-04-11 02:55:53	1	1	1	0
   233069	2017-04-11 02:56:03	1	1	1	0
   234006	2017-04-11 06:15:32	1	1	1	0
   234007	2017-04-11 06:24:08	1	0	1	0
   233003	2017-04-11 06:35:59	1	0	1	0
   233003	2017-04-11 06:36:01	1	0	1	0
   233087	2017-04-11 06:38:17	1	0	1	0
   233012	2017-04-11 06:45:37	1	0	1	0
   233014	2017-04-11 06:53:05	1	0	1	0
   233001	2017-04-11 06:56:58	1	0	1	0
   233084	2017-04-11 07:01:39	1	0	1	0
   233008	2017-04-11 07:01:52	1	0	1	0
   233039	2017-04-11 07:02:43	1	0	1	0
   233080	2017-04-11 07:03:19	1	0	1	0
   233078	2017-04-11 07:04:15	1	0	1	0
   231038	2017-04-11 07:04:36	1	0	1	0
   231097	2017-04-11 07:04:55	1	0	1	0
   233013	2017-04-11 07:06:40	1	0	1	0
   231036	2017-04-11 07:09:01	1	0	1	0
   233082	2017-04-11 07:09:52	1	0	1	0
   233077	2017-04-11 07:10:55	1	0	1	0
   233086	2017-04-11 07:12:19	1	0	1	0
   233055	2017-04-11 07:12:26	1	0	1	0
   233037	2017-04-11 07:12:33	1	0	1	0
   233083	2017-04-11 07:13:10	1	0	1	0
   231277	2017-04-11 07:13:22	1	0	1	0
   231258	2017-04-11 07:16:58	1	0	1	0
  2311186	2017-04-11 07:18:52	1	0	1	0
   231254	2017-04-11 07:22:25	1	0	1	0
   233068	2017-04-11 07:22:32	1	0	1	0
   231101	2017-04-11 07:24:19	1	0	1	0
   231101	2017-04-11 07:24:21	1	0	1	0
   231279	2017-04-11 07:25:35	1	0	1	0
   231279	2017-04-11 07:25:38	1	0	1	0
   231039	2017-04-11 07:28:32	1	0	1	0
   231039	2017-04-11 07:28:34	1	0	1	0
   231237	2017-04-11 07:31:12	1	0	1	0
   231237	2017-04-11 07:31:14	1	0	1	0
   231281	2017-04-11 07:32:24	1	0	1	0
   231196	2017-04-11 07:32:41	1	0	1	0
   231196	2017-04-11 07:32:43	1	0	1	0
   231252	2017-04-11 07:35:53	1	0	1	0
   231138	2017-04-11 07:37:13	1	0	1	0
   233067	2017-04-11 07:37:20	1	0	1	0
   233070	2017-04-11 07:38:11	1	0	1	0
   231196	2017-04-11 07:41:45	1	0	1	0
   231236	2017-04-11 07:42:26	1	0	1	0
   231056	2017-04-11 07:46:08	1	0	1	0
   231255	2017-04-11 07:47:32	1	0	1	0
   231096	2017-04-11 07:47:44	1	0	1	0
   231048	2017-04-11 07:49:11	1	0	1	0
   234001	2017-04-11 07:51:52	1	0	1	0
   231180	2017-04-11 07:55:28	1	0	1	0
   235005	2017-04-11 08:02:12	1	0	1	0
   231209	2017-04-11 08:06:35	1	0	1	0
   234005	2017-04-11 08:07:41	1	1	1	0
   233019	2017-04-11 08:10:07	1	1	1	0
   232011	2017-04-11 08:10:16	1	1	1	0
   232034	2017-04-11 08:10:19	1	1	1	0
   234003	2017-04-11 08:10:28	1	0	1	0
   232026	2017-04-11 08:15:09	1	0	1	0
   232014	2017-04-11 08:19:01	1	0	1	0
   233074	2017-04-11 08:53:39	1	0	1	0
   232006	2017-04-11 09:00:50	1	0	1	0
   233043	2017-04-11 09:08:09	1	0	1	0
   232019	2017-04-11 10:04:57	1	0	1	0
   233051	2017-04-11 11:46:30	1	0	1	0
   232039	2017-04-11 13:04:54	1	0	1	0
   233004	2017-04-11 13:11:56	1	0	1	0
   232030	2017-04-11 13:15:03	1	0	1	0
   234007	2017-04-11 15:47:19	1	1	1	0
  2311186	2017-04-11 16:05:28	1	1	1	0
   233067	2017-04-11 16:07:14	1	1	1	0
  2311186	2017-04-11 16:07:38	1	1	1	0
   233003	2017-04-11 16:09:05	1	1	1	0
   233068	2017-04-11 16:11:19	1	1	1	0
   233013	2017-04-11 16:14:35	1	1	1	0
   233083	2017-04-11 16:15:23	1	1	1	0
   231036	2017-04-11 16:15:44	1	1	1	0
   231039	2017-04-11 16:19:06	1	1	1	0
   231039	2017-04-11 16:19:08	1	1	1	0
   233039	2017-04-11 16:19:49	1	1	1	0
   231039	2017-04-11 16:22:47	1	1	1	0
   231194	2017-04-11 16:23:16	1	1	1	0
   233082	2017-04-11 16:24:17	1	1	1	0
   231237	2017-04-11 16:24:50	1	1	1	0
   231237	2017-04-11 16:24:52	1	1	1	0
   233084	2017-04-11 16:27:48	1	1	1	0
   231196	2017-04-11 16:28:46	1	1	1	0
   233012	2017-04-11 16:29:39	1	1	1	0
   231138	2017-04-11 16:31:53	1	1	1	0
   231236	2017-04-11 16:32:22	1	1	1	0
   233086	2017-04-11 16:32:27	1	1	1	0
   231252	2017-04-11 16:34:17	1	1	1	0
   233086	2017-04-11 16:39:13	1	1	1	0
   231279	2017-04-11 16:42:44	1	1	1	0
   233087	2017-04-11 16:46:11	1	1	1	0
   231281	2017-04-11 16:46:58	1	1	1	0
   231277	2017-04-11 16:52:56	1	1	1	0
   233014	2017-04-11 16:53:22	1	1	1	0
   233065	2017-04-11 16:54:42	1	0	1	0
   233085	2017-04-11 16:58:39	1	0	1	0
   231255	2017-04-11 16:59:00	1	1	1	0
   233019	2017-04-11 17:01:04	1	1	1	0
   233019	2017-04-11 17:01:06	1	1	1	0
   231258	2017-04-11 17:04:14	1	1	1	0
   232001	2017-04-11 17:04:46	1	1	1	0
   232026	2017-04-11 17:05:30	1	1	1	0
   232034	2017-04-11 17:05:35	1	1	1	0
   232034	2017-04-11 17:06:47	1	1	1	0
   232011	2017-04-11 17:07:29	1	1	1	0
   233074	2017-04-11 17:13:44	1	1	1	0
   232014	2017-04-11 17:23:59	1	1	1	0
   233077	2017-04-11 17:47:16	1	1	1	0
   231209	2017-04-11 17:58:02	1	1	1	0
   233080	2017-04-11 17:58:07	1	1	1	0
   231258	2017-04-11 18:02:24	1	1	1	0
   231048	2017-04-11 18:08:35	1	1	1	0
   233070	2017-04-11 18:19:34	1	1	1	0
   233055	2017-04-11 18:24:51	1	1	1	0
   233008	2017-04-11 18:25:46	1	1	1	0
   234005	2017-04-11 18:31:23	1	0	1	0
   233088	2017-04-11 18:33:11	1	0	1	0
   234018	2017-04-11 18:41:09	1	1	1	0
   233045	2017-04-11 18:43:21	1	0	1	0
   233073	2017-04-11 18:44:49	1	0	1	0
   235005	2017-04-11 18:46:39	1	0	1	0
   231101	2017-04-11 18:54:08	1	0	1	0
   231097	2017-04-11 19:19:46	1	0	1	0
   233037	2017-04-11 19:21:01	1	0	1	0
   231096	2017-04-11 19:21:51	1	0	1	0
   233037	2017-04-11 19:22:47	1	0	1	0
   233001	2017-04-11 19:54:55	1	1	1	0
   231180	2017-04-11 20:24:12	1	1	1	0
   234001	2017-04-11 20:44:33	1	1	1	0
   233078	2017-04-11 20:48:52	1	1	1	0
   232019	2017-04-11 21:27:40	1	1	1	0
   232006	2017-04-11 21:33:44	1	1	1	0
   232039	2017-04-11 21:56:44	1	1	1	0
   232030	2017-04-11 22:13:48	1	1	1	0
   233051	2017-04-11 22:22:37	1	1	1	0
   233004	2017-04-11 22:29:07	1	1	1	0
   231038	2017-04-11 23:14:46	1	1	1	0
   233065	2017-04-12 03:00:03	1	1	1	0
   233065	2017-04-12 03:00:20	1	1	1	0
   233088	2017-04-12 03:00:38	1	1	1	0
   233069	2017-04-12 03:00:43	1	1	1	0
   233069	2017-04-12 03:00:45	1	1	1	0
   233085	2017-04-12 03:00:55	1	1	1	0
   233073	2017-04-12 03:01:23	1	1	1	0
   233043	2017-04-12 03:03:03	1	1	1	0
   233045	2017-04-12 03:03:35	1	1	1	0
   234007	2017-04-12 06:28:45	1	0	1	0
   233003	2017-04-12 06:30:40	1	0	1	0
   234005	2017-04-12 06:35:30	1	1	1	0
   233087	2017-04-12 06:45:05	1	0	1	0
   233012	2017-04-12 06:46:19	1	0	1	0
   233008	2017-04-12 06:47:57	1	0	1	0
   231097	2017-04-12 06:52:15	1	0	1	0
   233084	2017-04-12 07:00:58	1	0	1	0
  2311186	2017-04-12 07:04:34	1	0	1	0
   233083	2017-04-12 07:05:02	1	0	1	0
   233078	2017-04-12 07:10:26	1	0	1	0
   233039	2017-04-12 07:11:05	1	0	1	0
   233077	2017-04-12 07:13:02	1	0	1	0
   231036	2017-04-12 07:15:27	1	0	1	0
   233080	2017-04-12 07:15:34	1	0	1	0
   233013	2017-04-12 07:16:15	1	0	1	0
   233001	2017-04-12 07:16:30	1	0	1	0
   233086	2017-04-12 07:21:07	1	0	1	0
   231277	2017-04-12 07:23:49	1	0	1	0
   233082	2017-04-12 07:25:41	1	0	1	0
   231281	2017-04-12 07:27:18	1	0	1	0
   231056	2017-04-12 07:27:29	1	0	1	0
   231038	2017-04-12 07:28:59	1	0	1	0
   231279	2017-04-12 07:29:06	1	0	1	0
   233068	2017-04-12 07:29:17	1	0	1	0
   231039	2017-04-12 07:30:28	1	0	1	0
   231101	2017-04-12 07:33:29	1	0	1	0
   231101	2017-04-12 07:33:31	1	0	1	0
   231101	2017-04-12 07:33:33	1	0	1	0
   233055	2017-04-12 07:34:00	1	0	1	0
   231196	2017-04-12 07:34:26	1	0	1	0
   233070	2017-04-12 07:35:14	1	0	1	0
   231039	2017-04-12 07:36:27	1	0	1	0
   231039	2017-04-12 07:36:28	1	0	1	0
   231138	2017-04-12 07:39:20	1	0	1	0
   231252	2017-04-12 07:40:15	1	0	1	0
   231236	2017-04-12 07:40:27	1	0	1	0
   233067	2017-04-12 07:40:39	1	0	1	0
   231237	2017-04-12 07:41:36	1	0	1	0
   231237	2017-04-12 07:41:38	1	0	1	0
   231180	2017-04-12 07:41:41	1	0	1	0
   231209	2017-04-12 07:43:56	1	0	1	0
   231255	2017-04-12 07:47:38	1	0	1	0
   231187	2017-04-12 07:48:27	1	0	1	0
   231194	2017-04-12 07:52:44	1	0	1	0
   235005	2017-04-12 07:56:19	1	0	1	0
   231254	2017-04-12 08:01:43	1	0	1	0
   233019	2017-04-12 08:04:57	1	0	1	0
   231096	2017-04-12 08:09:04	1	0	1	0
   234003	2017-04-12 08:09:36	1	1	1	0
   232014	2017-04-12 08:09:52	1	0	1	0
   234004	2017-04-12 08:09:59	1	0	1	0
   232034	2017-04-12 08:11:37	1	0	1	0
   232011	2017-04-12 08:15:17	1	0	1	0
   232026	2017-04-12 08:18:40	1	0	1	0
   232001	2017-04-12 08:20:40	1	0	1	0
   234001	2017-04-12 08:34:30	1	0	1	0
   232019	2017-04-12 10:02:58	1	0	1	0
   232019	2017-04-12 10:03:00	1	0	1	0
   232006	2017-04-12 10:07:52	1	0	1	0
   232039	2017-04-12 13:11:23	1	0	1	0
   233051	2017-04-12 13:13:25	1	0	1	0
   232030	2017-04-12 13:14:37	1	0	1	0
   233004	2017-04-12 13:15:58	1	0	1	0
   233088	2017-04-12 13:58:59	1	0	1	0
   233073	2017-04-12 14:17:21	1	0	1	0
   233069	2017-04-12 14:39:15	1	0	1	0
   234004	2017-04-12 15:56:30	1	1	1	0
   233003	2017-04-12 16:00:35	1	1	1	0
   234007	2017-04-12 16:02:18	1	1	1	0
   233086	2017-04-12 16:09:05	1	1	1	0
   233086	2017-04-12 16:09:14	1	1	1	0
   233039	2017-04-12 16:09:47	1	1	1	0
   233077	2017-04-12 16:18:23	1	1	1	0
   233080	2017-04-12 16:19:46	1	1	1	0
   233014	2017-04-12 16:19:52	1	1	1	0
   231036	2017-04-12 16:19:58	1	1	1	0
   231036	2017-04-12 16:20:09	1	1	1	0
   231138	2017-04-12 16:20:11	1	1	1	0
   233013	2017-04-12 16:25:14	1	1	1	0
   233067	2017-04-12 16:25:19	1	1	1	0
   231196	2017-04-12 16:25:52	1	1	1	0
   233082	2017-04-12 16:26:27	1	1	1	0
   233083	2017-04-12 16:30:36	1	1	1	0
   231252	2017-04-12 16:33:16	1	1	1	0
   233084	2017-04-12 16:35:16	1	1	1	0
   231281	2017-04-12 16:38:22	1	1	1	0
   233008	2017-04-12 16:39:58	1	1	1	0
  2311186	2017-04-12 16:40:49	1	1	1	0
   231279	2017-04-12 16:43:06	1	1	1	0
   231236	2017-04-12 16:43:10	1	1	1	0
   233068	2017-04-12 16:43:56	1	1	1	0
   231255	2017-04-12 16:49:02	1	1	1	0
   231277	2017-04-12 16:50:47	1	1	1	0
   231236	2017-04-12 16:50:52	1	1	1	0
   233087	2017-04-12 16:51:07	1	1	1	0
   233065	2017-04-12 16:51:20	1	0	1	0
   233085	2017-04-12 16:51:34	1	0	1	0
   233070	2017-04-12 16:52:21	1	0	1	0
   231254	2017-04-12 16:54:22	1	0	1	0
   231237	2017-04-12 16:55:43	1	0	1	0
   233019	2017-04-12 16:55:48	1	0	1	0
   233019	2017-04-12 16:55:50	1	0	1	0
   231194	2017-04-12 16:58:38	1	0	1	0
   232014	2017-04-12 17:15:59	1	0	1	0
   233012	2017-04-12 17:37:20	1	1	1	0
   233055	2017-04-12 17:48:10	1	1	1	0
   232034	2017-04-12 18:00:02	1	1	1	0
   232034	2017-04-12 18:00:08	1	1	1	0
   232034	2017-04-12 18:00:11	1	1	1	0
   232001	2017-04-12 18:00:15	1	1	1	0
   232001	2017-04-12 18:00:17	1	1	1	0
   232001	2017-04-12 18:00:19	1	1	1	0
   232001	2017-04-12 18:00:22	1	1	1	0
   232026	2017-04-12 18:00:34	1	1	1	0
   231101	2017-04-12 18:02:30	1	1	1	0
   231039	2017-04-12 18:08:05	1	1	1	0
   232011	2017-04-12 18:08:18	1	1	1	0
   235005	2017-04-12 18:11:42	1	1	1	0
   231048	2017-04-12 18:16:49	1	1	1	0
   231096	2017-04-12 18:27:02	1	1	1	0
   234005	2017-04-12 18:35:36	1	0	1	0
   231187	2017-04-12 18:36:07	1	0	1	0
   231187	2017-04-12 18:36:15	1	1	1	0
   231180	2017-04-12 18:44:14	1	1	1	0
   233045	2017-04-12 18:46:39	1	0	1	0
   233078	2017-04-12 18:58:36	1	1	1	0
   233043	2017-04-12 19:01:36	1	0	1	0
   234018	2017-04-12 19:15:19	1	1	1	0
   233001	2017-04-12 19:29:44	1	1	1	0
   232019	2017-04-12 19:30:48	1	1	1	0
   234003	2017-04-12 20:08:59	1	0	1	0
   234001	2017-04-12 20:35:49	1	1	1	0
   233004	2017-04-12 20:42:33	1	1	1	0
   232006	2017-04-12 20:55:01	1	1	1	0
   233051	2017-04-12 21:18:02	1	1	1	0
   232039	2017-04-12 21:18:08	1	1	1	0
   232030	2017-04-12 21:18:12	1	1	1	0
   233085	2017-04-13 00:14:29	1	1	1	0
   233088	2017-04-13 00:16:13	1	1	1	0
   233065	2017-04-13 00:17:07	1	1	1	0
   233073	2017-04-13 00:17:16	1	1	1	0
   233069	2017-04-13 00:17:27	1	1	1	0
   233043	2017-04-13 00:17:38	1	1	1	0
   233045	2017-04-13 00:17:44	1	1	1	0
   234007	2017-04-13 06:25:23	1	0	1	0
   233087	2017-04-13 06:36:50	1	0	1	0
   233003	2017-04-13 06:41:42	1	0	1	0
   233008	2017-04-13 06:47:02	1	0	1	0
   233012	2017-04-13 06:48:01	1	0	1	0
   233001	2017-04-13 06:52:09	1	0	1	0
   233084	2017-04-13 07:01:33	1	0	1	0
   233082	2017-04-13 07:03:57	1	0	1	0
  2311186	2017-04-13 07:04:25	1	0	1	0
   231036	2017-04-13 07:04:47	1	0	1	0
   231097	2017-04-13 07:06:51	1	0	1	0
   233068	2017-04-13 07:09:34	1	0	1	0
   233083	2017-04-13 07:11:44	1	0	1	0
   233080	2017-04-13 07:12:33	1	0	1	0
   233078	2017-04-13 07:13:23	1	0	1	0
   233039	2017-04-13 07:17:01	1	0	1	0
   231277	2017-04-13 07:18:58	1	0	1	0
   233077	2017-04-13 07:19:14	1	0	1	0
   231039	2017-04-13 07:24:08	1	0	1	0
   233013	2017-04-13 07:24:34	1	0	1	0
   231279	2017-04-13 07:28:02	1	0	1	0
   231281	2017-04-13 07:30:14	1	0	1	0
   231258	2017-04-13 07:32:11	1	0	1	0
   231138	2017-04-13 07:34:49	1	0	1	0
   231196	2017-04-13 07:35:49	1	0	1	0
   231194	2017-04-13 07:35:59	1	0	1	0
   231038	2017-04-13 07:36:18	1	0	1	0
   231056	2017-04-13 07:37:09	1	0	1	0
   233070	2017-04-13 07:37:29	1	0	1	0
   231252	2017-04-13 07:38:14	1	0	1	0
   231187	2017-04-13 07:39:34	1	0	1	0
   233067	2017-04-13 07:39:50	1	0	1	0
   231237	2017-04-13 07:40:08	1	0	1	0
   231237	2017-04-13 07:40:10	1	0	1	0
   231254	2017-04-13 07:42:22	1	0	1	0
   231209	2017-04-13 07:43:55	1	0	1	0
   231236	2017-04-13 07:45:28	1	0	1	0
   231096	2017-04-13 07:46:39	1	0	1	0
   231101	2017-04-13 07:47:35	1	0	1	0
   231255	2017-04-13 07:48:51	1	0	1	0
   231048	2017-04-13 07:50:49	1	0	1	0
   231180	2017-04-13 07:51:32	1	0	1	0
   233019	2017-04-13 07:59:20	1	0	1	0
   235005	2017-04-13 08:00:13	1	0	1	0
   232011	2017-04-13 08:11:48	1	0	1	0
   234003	2017-04-13 08:11:58	1	1	1	0
   232034	2017-04-13 08:12:40	1	0	1	0
   234004	2017-04-13 08:13:48	1	0	1	0
   232001	2017-04-13 08:13:54	1	0	1	0
   232026	2017-04-13 08:17:15	1	0	1	0
   231273	2017-04-13 08:18:09	1	0	1	0
   232014	2017-04-13 08:21:28	1	0	1	0
   234001	2017-04-13 08:34:23	1	0	1	0
   233040	2017-04-13 09:18:17	1	0	1	0
   233045	2017-04-13 09:40:01	1	0	1	0
   232019	2017-04-13 10:09:20	1	0	1	0
   232006	2017-04-13 10:13:36	1	0	1	0
   232039	2017-04-13 13:04:56	1	0	1	0
   233051	2017-04-13 13:12:52	1	0	1	0
   233004	2017-04-13 13:20:38	1	0	1	0
   234007	2017-04-13 15:54:04	1	0	1	0
   233039	2017-04-13 16:03:08	1	1	1	0
   233014	2017-04-13 16:23:11	1	1	1	0
   233003	2017-04-13 16:24:06	1	1	1	0
   233087	2017-04-13 16:28:32	1	1	1	0
   233067	2017-04-13 16:32:53	1	1	1	0
   231236	2017-04-13 16:38:44	1	1	1	0
   233013	2017-04-13 16:40:41	1	1	1	0
   231279	2017-04-13 16:41:00	1	1	1	0
   231036	2017-04-13 16:42:22	1	1	1	0
   231277	2017-04-13 16:45:23	1	1	1	0
   233019	2017-04-13 16:47:17	1	1	1	0
   231196	2017-04-13 16:48:09	1	1	1	0
   233065	2017-04-13 16:51:14	1	0	1	0
   231252	2017-04-13 16:52:42	1	1	1	0
   233001	2017-04-13 16:53:24	1	1	1	0
   233084	2017-04-13 16:54:04	1	1	1	0
   233085	2017-04-13 16:57:37	1	0	1	0
   231194	2017-04-13 16:58:10	1	0	1	0
   231255	2017-04-13 17:01:13	1	1	1	0
   233055	2017-04-13 17:05:38	1	1	1	0
   231237	2017-04-13 17:07:46	1	1	1	0
   231237	2017-04-13 17:07:50	1	1	1	0
   233083	2017-04-13 17:07:55	1	1	1	0
   231027	2017-04-13 17:09:20	1	1	1	0
   233068	2017-04-13 17:09:56	1	1	1	0
   232001	2017-04-13 17:10:32	1	1	1	0
   232034	2017-04-13 17:11:40	1	1	1	0
   231255	2017-04-13 17:12:36	1	1	1	0
   231237	2017-04-13 17:12:44	1	1	1	0
   231281	2017-04-13 17:13:22	1	1	1	0
   233086	2017-04-13 17:14:28	1	1	1	0
   233086	2017-04-13 17:14:31	1	1	1	0
  2311186	2017-04-13 17:15:14	1	1	1	0
   232011	2017-04-13 17:19:04	1	1	1	0
   231254	2017-04-13 17:21:23	1	1	1	0
   231258	2017-04-13 17:21:27	1	1	1	0
   231258	2017-04-13 17:21:37	1	1	1	0
   232026	2017-04-13 17:32:29	1	1	1	0
   233070	2017-04-13 17:33:40	1	1	1	0
   233082	2017-04-13 17:36:10	1	1	1	0
   232014	2017-04-13 17:40:05	1	1	1	0
   232014	2017-04-13 17:41:16	1	1	1	0
   233012	2017-04-13 17:42:00	1	1	1	0
   233080	2017-04-13 17:42:05	1	1	1	0
   231236	2017-04-13 17:44:16	1	1	1	0
   231101	2017-04-13 18:00:27	1	1	1	0
   231097	2017-04-13 18:01:28	1	1	1	0
   234003	2017-04-13 18:10:21	1	0	1	0
   231096	2017-04-13 18:14:32	1	0	1	0
   231048	2017-04-13 18:33:43	1	0	1	0
   234018	2017-04-13 18:34:01	1	1	1	0
   233088	2017-04-13 18:34:07	1	5	1	0
   231038	2017-04-13 18:34:58	1	1	1	0
   233073	2017-04-13 18:59:28	1	0	1	0
   233069	2017-04-13 19:00:43	1	0	1	0
   233043	2017-04-13 19:01:02	1	0	1	0
   231187	2017-04-13 19:22:51	1	1	1	0
   231180	2017-04-13 19:34:13	1	1	1	0
   235005	2017-04-13 19:56:43	1	1	1	0
   231053	2017-04-13 19:57:17	1	1	1	0
   233077	2017-04-13 20:14:43	1	1	1	0
   234001	2017-04-13 20:33:44	1	1	1	0
   233078	2017-04-13 20:44:23	1	1	1	0
   233008	2017-04-13 20:44:46	1	1	1	0
   232019	2017-04-13 21:09:50	1	1	1	0
   234004	2017-04-13 21:12:17	1	0	1	0
   232006	2017-04-13 21:37:27	1	0	1	0
   233004	2017-04-13 22:19:58	1	0	1	0
   232030	2017-04-13 22:32:04	1	0	1	0
   232030	2017-04-13 22:32:16	1	1	1	0
   233051	2017-04-13 22:32:19	1	1	1	0
   232039	2017-04-13 22:32:28	1	1	1	0
   233088	2017-04-14 02:55:03	1	1	1	0
   233073	2017-04-14 02:55:08	1	1	1	0
   233043	2017-04-14 02:55:24	1	1	1	0
   233069	2017-04-14 02:55:35	1	1	1	0
   233045	2017-04-14 02:55:43	1	1	1	0
   233040	2017-04-14 02:55:53	1	1	1	0
   233065	2017-04-14 02:59:19	1	1	1	0
   233085	2017-04-14 02:59:47	1	1	1	0
   234003	2017-04-14 06:01:05	1	1	1	0
   234004	2017-04-14 08:12:46	1	0	1	0
   234006	2017-04-14 13:19:54	1	0	1	0
   234003	2017-04-14 18:09:10	1	0	1	0
   234006	2017-04-14 18:09:43	1	1	1	0
   234004	2017-04-14 20:10:30	1	0	1	0
   234003	2017-04-15 05:44:33	1	1	1	0
   234007	2017-04-15 06:22:52	1	0	1	0
   233012	2017-04-15 06:36:17	1	0	1	0
   233003	2017-04-15 06:36:24	1	0	1	0
   233087	2017-04-15 06:41:04	1	0	1	0
   233008	2017-04-15 06:47:48	1	0	1	0
   231097	2017-04-15 06:49:30	1	0	1	0
   233001	2017-04-15 06:55:10	1	0	1	0
   233084	2017-04-15 06:58:14	1	0	1	0
   233084	2017-04-15 06:58:17	1	0	1	0
  2311186	2017-04-15 07:05:05	1	0	1	0
   231036	2017-04-15 07:08:25	1	0	1	0
   233083	2017-04-15 07:09:17	1	0	1	0
   233068	2017-04-15 07:12:54	1	0	1	0
   233080	2017-04-15 07:13:38	1	0	1	0
   233078	2017-04-15 07:14:28	1	0	1	0
   233086	2017-04-15 07:16:13	1	0	1	0
   233055	2017-04-15 07:17:14	1	0	1	0
   233082	2017-04-15 07:18:16	1	0	1	0
   233077	2017-04-15 07:21:24	1	0	1	0
   233039	2017-04-15 07:22:01	1	0	1	0
   231277	2017-04-15 07:22:05	1	0	1	0
   233013	2017-04-15 07:23:17	1	0	1	0
   231279	2017-04-15 07:24:37	1	0	1	0
   231281	2017-04-15 07:28:44	1	0	1	0
   231254	2017-04-15 07:29:43	1	0	1	0
   233070	2017-04-15 07:31:10	1	0	1	0
   231281	2017-04-15 07:34:11	1	0	1	0
   231056	2017-04-15 07:36:31	1	0	1	0
   231237	2017-04-15 07:39:23	1	0	1	0
   231237	2017-04-15 07:39:25	1	0	1	0
   231252	2017-04-15 07:40:22	1	0	1	0
   231039	2017-04-15 07:41:01	1	0	1	0
   231258	2017-04-15 07:42:09	1	0	1	0
   231196	2017-04-15 07:42:26	1	0	1	0
   231196	2017-04-15 07:42:28	1	0	1	0
   231187	2017-04-15 07:43:11	1	0	1	0
   231236	2017-04-15 07:43:26	1	0	1	0
   233067	2017-04-15 07:43:36	1	0	1	0
   231258	2017-04-15 07:43:52	1	0	1	0
   231101	2017-04-15 07:44:17	1	0	1	0
   231038	2017-04-15 07:47:53	1	0	1	0
   231138	2017-04-15 07:49:39	1	0	1	0
   231255	2017-04-15 07:50:10	1	0	1	0
   231194	2017-04-15 07:54:42	1	0	1	0
   231048	2017-04-15 07:55:04	1	0	1	0
   231180	2017-04-15 07:55:35	1	0	1	0
   231209	2017-04-15 07:56:57	1	0	1	0
   231096	2017-04-15 07:58:18	1	0	1	0
   233019	2017-04-15 08:03:46	1	0	1	0
   232001	2017-04-15 08:04:15	1	0	1	0
   234006	2017-04-15 08:07:37	1	0	1	0
   232014	2017-04-15 08:08:38	1	0	1	0
   232014	2017-04-15 08:09:24	1	0	1	0
   234004	2017-04-15 08:10:20	1	1	1	0
   232011	2017-04-15 08:11:39	1	1	1	0
   232006	2017-04-15 08:14:10	1	1	1	0
   235005	2017-04-15 08:14:24	1	1	1	0
   232034	2017-04-15 08:16:26	1	0	1	0
   232026	2017-04-15 08:19:07	1	0	1	0
   233074	2017-04-15 10:05:11	1	0	1	0
   232019	2017-04-15 10:05:38	1	0	1	0
   232030	2017-04-15 10:15:31	1	0	1	0
   232039	2017-04-15 10:18:58	1	0	1	0
   233051	2017-04-15 10:20:49	1	0	1	0
   232014	2017-04-15 13:57:47	1	0	1	0
   233088	2017-04-15 14:46:38	1	0	1	0
   233065	2017-04-15 14:50:32	1	0	1	0
   233085	2017-04-15 15:07:19	1	0	1	0
   233069	2017-04-15 15:09:10	1	0	1	0
   233045	2017-04-15 15:13:11	1	0	1	0
   232011	2017-04-15 15:15:43	1	0	1	0
   233014	2017-04-15 15:25:36	1	0	1	0
   233077	2017-04-15 15:32:59	1	0	1	0
   233077	2017-04-15 15:33:14	1	1	1	0
   233055	2017-04-15 15:33:23	1	1	1	0
   233082	2017-04-15 15:33:28	1	1	1	0
   233040	2017-04-15 15:38:38	1	0	1	0
   233073	2017-04-15 15:38:42	1	0	1	0
   233043	2017-04-15 15:39:12	1	0	1	0
   233019	2017-04-15 15:43:10	1	1	1	0
   233067	2017-04-15 15:45:03	1	1	1	0
   233001	2017-04-15 15:45:35	1	1	1	0
   233039	2017-04-15 15:45:56	1	1	1	0
   233008	2017-04-15 16:00:50	1	1	1	0
   234004	2017-04-15 16:06:52	1	0	1	0
   231196	2017-04-15 16:07:39	1	0	1	0
   231196	2017-04-15 16:07:40	1	0	1	0
   231277	2017-04-15 16:16:38	1	0	1	0
  2311186	2017-04-15 16:18:07	1	1	1	0
   231039	2017-04-15 16:18:57	1	1	1	0
   231039	2017-04-15 16:18:58	1	1	1	0
   231236	2017-04-15 16:30:16	1	1	1	0
   231279	2017-04-15 16:31:40	1	1	1	0
   231036	2017-04-15 16:35:34	1	1	1	0
   231237	2017-04-15 16:36:37	1	1	1	0
   231237	2017-04-15 16:36:39	1	1	1	0
   231252	2017-04-15 16:39:26	1	1	1	0
   231194	2017-04-15 16:40:31	1	1	1	0
   231194	2017-04-15 16:40:33	1	1	1	0
   231236	2017-04-15 16:40:39	1	1	1	0
   231138	2017-04-15 16:40:53	1	1	1	0
   231209	2017-04-15 16:41:01	1	1	1	0
   231281	2017-04-15 16:41:10	1	1	1	0
   233083	2017-04-15 16:43:07	1	1	1	0
   231187	2017-04-15 16:55:09	1	1	1	0
   231180	2017-04-15 17:06:21	1	1	1	0
   231096	2017-04-15 17:08:28	1	1	1	0
   233086	2017-04-15 17:22:34	1	1	1	0
   233086	2017-04-15 17:23:27	1	1	1	0
   231101	2017-04-15 17:38:55	1	1	1	0
   231255	2017-04-15 17:44:41	1	1	1	0
   231255	2017-04-15 17:45:59	1	1	1	0
   231048	2017-04-15 17:49:06	1	1	1	0
   231258	2017-04-15 17:49:18	1	1	1	0
   231254	2017-04-15 17:49:20	1	1	1	0
   231258	2017-04-15 17:49:32	1	1	1	0
   231097	2017-04-15 17:50:43	1	1	1	0
   235005	2017-04-15 18:40:24	1	1	1	0
   233068	2017-04-15 18:41:43	1	1	1	0
   233012	2017-04-15 18:49:29	1	1	1	0
   233087	2017-04-15 18:50:39	1	1	1	0
   233078	2017-04-15 18:50:48	1	1	1	0
   233003	2017-04-15 19:05:51	1	1	1	0
   233070	2017-04-15 19:17:25	1	1	1	0
   233074	2017-04-15 19:18:45	1	1	1	0
   231038	2017-04-15 20:04:44	1	1	1	0
   232006	2017-04-15 20:45:55	1	1	1	0
   232019	2017-04-15 20:47:00	1	1	1	0
   232006	2017-04-15 20:47:11	1	1	1	0
   233013	2017-04-15 20:55:34	1	1	1	0
   232039	2017-04-15 21:01:08	1	1	1	0
   232030	2017-04-15 21:01:15	1	1	1	0
   233051	2017-04-15 21:01:19	1	1	1	0
   233080	2017-04-15 21:02:35	1	1	1	0
   233051	2017-04-15 21:03:23	1	1	1	0
   233040	2017-04-15 23:04:13	1	1	1	0
   233088	2017-04-15 23:04:19	1	1	1	0
   233043	2017-04-15 23:04:27	1	1	1	0
   233073	2017-04-15 23:04:44	1	1	1	0
   233045	2017-04-15 23:04:50	1	1	1	0
   233069	2017-04-15 23:05:02	1	1	1	0
   233065	2017-04-15 23:06:50	1	1	1	0
   233085	2017-04-15 23:07:07	1	1	1	0
   234005	2017-04-16 08:30:48	1	0	1	0
   234006	2017-04-16 08:31:19	1	1	1	0
   234004	2017-04-16 16:11:19	1	0	1	0
   234005	2017-04-16 16:15:08	1	1	1	0
   234004	2017-04-17 06:27:02	1	1	1	0
   234007	2017-04-17 06:27:13	1	0	1	0
   233087	2017-04-17 06:44:14	1	0	1	0
   233003	2017-04-17 06:44:34	1	0	1	0
   233012	2017-04-17 06:44:46	1	0	1	0
   233008	2017-04-17 06:45:25	1	0	1	0
   233080	2017-04-17 06:55:23	1	0	1	0
   231036	2017-04-17 07:05:51	1	0	1	0
   233084	2017-04-17 07:06:11	1	0	1	0
   233084	2017-04-17 07:06:16	1	0	1	0
   233001	2017-04-17 07:09:44	1	0	1	0
   233083	2017-04-17 07:11:35	1	0	1	0
   233082	2017-04-17 07:12:49	1	0	1	0
   231097	2017-04-17 07:13:33	1	0	1	0
   233039	2017-04-17 07:15:29	1	0	1	0
   233086	2017-04-17 07:16:35	1	0	1	0
   233077	2017-04-17 07:24:02	1	0	1	0
   233068	2017-04-17 07:24:20	1	0	1	0
   233037	2017-04-17 07:25:51	1	0	1	0
  2311186	2017-04-17 07:26:00	1	0	1	0
   231038	2017-04-17 07:27:49	1	0	1	0
   233055	2017-04-17 07:29:44	1	0	1	0
   231279	2017-04-17 07:30:12	1	0	1	0
   233013	2017-04-17 07:30:39	1	0	1	0
   231277	2017-04-17 07:30:47	1	0	1	0
   231281	2017-04-17 07:32:46	1	0	1	0
   233070	2017-04-17 07:34:11	1	0	1	0
   231101	2017-04-17 07:35:22	1	0	1	0
   231237	2017-04-17 07:36:36	1	0	1	0
   231237	2017-04-17 07:36:39	1	0	1	0
   231196	2017-04-17 07:42:35	1	0	1	0
   231196	2017-04-17 07:43:43	1	0	1	0
   231236	2017-04-17 07:43:57	1	0	1	0
   231258	2017-04-17 07:44:27	1	0	1	0
   231252	2017-04-17 07:45:15	1	0	1	0
   231048	2017-04-17 07:45:27	1	0	1	0
   231255	2017-04-17 07:45:52	1	0	1	0
   233067	2017-04-17 07:46:34	1	0	1	0
   231187	2017-04-17 07:46:52	1	0	1	0
   231138	2017-04-17 07:50:34	1	0	1	0
   231194	2017-04-17 07:51:42	1	0	1	0
   231039	2017-04-17 07:51:52	1	0	1	0
   231039	2017-04-17 07:51:54	1	0	1	0
   231056	2017-04-17 07:52:08	1	0	1	0
   235005	2017-04-17 07:56:22	1	0	1	0
   231096	2017-04-17 07:58:42	1	0	1	0
   231209	2017-04-17 07:58:47	1	0	1	0
   231180	2017-04-17 08:02:38	1	0	1	0
   232014	2017-04-17 08:07:56	1	0	1	0
   232026	2017-04-17 08:08:40	1	0	1	0
   233019	2017-04-17 08:12:53	1	0	1	0
   232011	2017-04-17 08:14:12	1	0	1	0
   231231	2017-04-17 08:16:56	1	0	1	0
   231278	2017-04-17 08:17:00	1	0	1	0
   232001	2017-04-17 08:17:57	1	0	1	0
   232034	2017-04-17 08:18:35	1	0	1	0
   231273	2017-04-17 08:21:59	1	0	1	0
   231273	2017-04-17 08:22:34	1	0	1	0
   234005	2017-04-17 08:24:36	1	0	1	0
   234006	2017-04-17 08:25:28	1	0	1	0
   231222	2017-04-17 08:25:44	1	0	1	0
   234001	2017-04-17 08:29:33	1	0	1	0
   232019	2017-04-17 10:08:19	1	0	1	0
   233074	2017-04-17 10:13:08	1	0	1	0
   234018	2017-04-17 10:20:49	1	0	1	0
   232006	2017-04-17 13:02:23	1	0	1	0
   232039	2017-04-17 13:05:57	1	0	1	0
   232030	2017-04-17 13:10:58	1	0	1	0
   233051	2017-04-17 13:15:49	1	0	1	0
   233004	2017-04-17 13:18:34	1	0	1	0
   233008	2017-04-17 15:37:22	1	1	1	0
   233077	2017-04-17 15:40:40	1	1	1	0
   234007	2017-04-17 15:41:08	1	1	1	0
   231196	2017-04-17 15:52:11	1	1	1	0
   231196	2017-04-17 15:53:04	1	1	1	0
   233001	2017-04-17 16:03:09	1	1	1	0
  2311186	2017-04-17 16:06:41	1	1	1	0
   233003	2017-04-17 16:07:23	1	1	1	0
   233080	2017-04-17 16:20:08	1	1	1	0
   233039	2017-04-17 16:25:07	1	1	1	0
   233067	2017-04-17 16:26:43	1	1	1	0
   233083	2017-04-17 16:31:27	1	1	1	0
   231036	2017-04-17 16:31:52	1	1	1	0
   233055	2017-04-17 16:32:22	1	1	1	0
   231237	2017-04-17 16:37:28	1	1	1	0
   231237	2017-04-17 16:37:30	1	1	1	0
   233014	2017-04-17 16:37:43	1	1	1	0
   231236	2017-04-17 16:43:08	1	1	1	0
   233070	2017-04-17 16:43:49	1	1	1	0
   233085	2017-04-17 16:45:21	1	0	1	0
   231252	2017-04-17 16:45:57	1	1	1	0
   231277	2017-04-17 16:46:53	1	1	1	0
   231236	2017-04-17 16:46:58	1	1	1	0
   231279	2017-04-17 16:47:17	1	1	1	0
   233086	2017-04-17 16:51:13	1	1	1	0
   233086	2017-04-17 16:51:15	1	1	1	0
   233065	2017-04-17 16:52:05	1	0	1	0
   233013	2017-04-17 16:58:08	1	1	1	0
   233012	2017-04-17 17:00:38	1	1	1	0
   231180	2017-04-17 17:04:41	1	1	1	0
   232001	2017-04-17 17:05:09	1	1	1	0
   232026	2017-04-17 17:05:12	1	1	1	0
   231138	2017-04-17 17:05:15	1	1	1	0
   232034	2017-04-17 17:05:28	1	1	1	0
   232011	2017-04-17 17:10:51	1	1	1	0
   233037	2017-04-17 17:10:58	1	1	1	0
   231039	2017-04-17 17:13:54	1	1	1	0
   231039	2017-04-17 17:13:57	1	1	1	0
   233082	2017-04-17 17:26:14	1	1	1	0
   233087	2017-04-17 17:29:14	1	1	1	0
   231255	2017-04-17 17:31:32	1	1	1	0
   235005	2017-04-17 17:37:46	1	1	1	0
   231194	2017-04-17 17:40:42	1	1	1	0
   232014	2017-04-17 17:45:13	1	1	1	0
   233040	2017-04-17 17:48:29	1	0	1	0
   231209	2017-04-17 17:56:28	1	0	1	0
   231258	2017-04-17 17:57:00	1	0	1	0
   231258	2017-04-17 17:57:27	1	1	1	0
   234006	2017-04-17 18:03:24	1	0	1	0
   234018	2017-04-17 18:12:36	1	1	1	0
   231097	2017-04-17 18:20:54	1	1	1	0
   231101	2017-04-17 18:25:57	1	1	1	0
   233068	2017-04-17 18:26:23	1	1	1	0
   233088	2017-04-17 18:32:39	1	0	1	0
   231280	2017-04-17 18:48:38	1	0	1	0
   231231	2017-04-17 18:48:44	1	0	1	0
   231222	2017-04-17 18:48:46	1	0	1	0
   231278	2017-04-17 18:48:51	1	0	1	0
   231273	2017-04-17 18:49:23	1	0	1	0
   231048	2017-04-17 18:50:02	1	0	1	0
   231273	2017-04-17 18:51:15	1	0	1	0
   233043	2017-04-17 18:53:22	1	0	1	0
   233078	2017-04-17 18:55:38	1	1	1	0
   233073	2017-04-17 18:59:46	1	0	1	0
   231038	2017-04-17 19:02:16	1	1	1	0
   232019	2017-04-17 19:02:49	1	1	1	0
   231187	2017-04-17 19:05:19	1	1	1	0
   233069	2017-04-17 19:06:34	1	1	1	0
   233069	2017-04-17 19:06:37	1	0	1	0
   233045	2017-04-17 19:13:15	1	0	1	0
   231187	2017-04-17 19:13:54	1	1	1	0
   231096	2017-04-17 19:14:12	1	1	1	0
   233074	2017-04-17 19:51:04	1	1	1	0
   234001	2017-04-17 20:33:32	1	1	1	0
   234005	2017-04-17 21:22:33	1	0	1	0
   234005	2017-04-17 21:22:35	1	0	1	0
   232006	2017-04-17 21:47:26	1	0	1	0
   232039	2017-04-17 22:33:00	1	0	1	0
   232039	2017-04-17 22:33:13	1	1	1	0
   233051	2017-04-17 22:33:18	1	1	1	0
   232030	2017-04-17 22:33:25	1	1	1	0
   233004	2017-04-18 01:30:17	1	1	1	0
   233073	2017-04-18 04:17:02	1	1	1	0
   233045	2017-04-18 04:17:07	1	1	1	0
   233088	2017-04-18 04:17:14	1	1	1	0
   233040	2017-04-18 04:19:30	1	1	1	0
   233069	2017-04-18 04:19:39	1	1	1	0
   233043	2017-04-18 04:22:21	1	1	1	0
   233085	2017-04-18 04:24:00	1	1	1	0
   233065	2017-04-18 04:24:46	1	1	1	0
   234007	2017-04-18 06:29:18	1	0	1	0
   234006	2017-04-18 06:35:47	1	1	1	0
   233003	2017-04-18 06:38:55	1	0	1	0
   233003	2017-04-18 06:38:57	1	0	1	0
   233012	2017-04-18 06:43:47	1	0	1	0
   233087	2017-04-18 06:45:35	1	0	1	0
   233008	2017-04-18 06:45:41	1	0	1	0
   233068	2017-04-18 06:54:51	1	0	1	0
   233014	2017-04-18 06:57:10	1	0	1	0
   231097	2017-04-18 07:03:32	1	0	1	0
   231036	2017-04-18 07:03:59	1	0	1	0
   233039	2017-04-18 07:04:43	1	0	1	0
  2311186	2017-04-18 07:09:20	1	0	1	0
   233084	2017-04-18 07:14:28	1	0	1	0
   233080	2017-04-18 07:15:00	1	0	1	0
   233083	2017-04-18 07:15:32	1	0	1	0
   233078	2017-04-18 07:16:13	1	0	1	0
   233001	2017-04-18 07:17:31	1	0	1	0
   233086	2017-04-18 07:22:16	1	0	1	0
   233077	2017-04-18 07:23:33	1	0	1	0
   233082	2017-04-18 07:23:38	1	0	1	0
   233013	2017-04-18 07:24:48	1	0	1	0
   231279	2017-04-18 07:27:30	1	0	1	0
   231038	2017-04-18 07:27:38	1	0	1	0
   231277	2017-04-18 07:28:34	1	0	1	0
   231281	2017-04-18 07:31:15	1	0	1	0
   233055	2017-04-18 07:32:09	1	0	1	0
   231138	2017-04-18 07:33:11	1	0	1	0
   231196	2017-04-18 07:37:29	1	0	1	0
   231196	2017-04-18 07:37:31	1	0	1	0
   231056	2017-04-18 07:38:42	1	0	1	0
   233070	2017-04-18 07:41:21	1	0	1	0
   231101	2017-04-18 07:42:44	1	0	1	0
   231252	2017-04-18 07:43:33	1	0	1	0
   231039	2017-04-18 07:44:06	1	0	1	0
   231039	2017-04-18 07:44:07	1	0	1	0
   231254	2017-04-18 07:44:30	1	0	1	0
   231236	2017-04-18 07:45:36	1	0	1	0
   231258	2017-04-18 07:45:48	1	0	1	0
   231237	2017-04-18 07:46:19	1	0	1	0
   231237	2017-04-18 07:46:21	1	0	1	0
   231048	2017-04-18 07:46:28	1	0	1	0
   231187	2017-04-18 07:46:31	1	0	1	0
   233067	2017-04-18 07:48:50	1	0	1	0
   231255	2017-04-18 07:53:16	1	0	1	0
   231194	2017-04-18 07:56:31	1	0	1	0
   235005	2017-04-18 07:58:42	1	0	1	0
   231180	2017-04-18 07:59:20	1	0	1	0
   231096	2017-04-18 08:01:30	1	0	1	0
   232011	2017-04-18 08:02:39	1	0	1	0
   234005	2017-04-18 08:04:29	1	1	1	0
   234005	2017-04-18 08:04:30	1	1	1	0
   234003	2017-04-18 08:06:52	1	0	1	0
   232026	2017-04-18 08:08:24	1	0	1	0
   232014	2017-04-18 08:08:56	1	0	1	0
   231209	2017-04-18 08:13:56	1	0	1	0
   233019	2017-04-18 08:14:19	1	0	1	0
   232001	2017-04-18 08:15:12	1	0	1	0
   232034	2017-04-18 08:16:49	1	0	1	0
   234001	2017-04-18 08:33:01	1	0	1	0
   233074	2017-04-18 10:01:40	1	0	1	0
   232019	2017-04-18 10:07:29	1	0	1	0
   234018	2017-04-18 10:22:33	1	0	1	0
   233004	2017-04-18 10:38:44	1	0	1	0
   232030	2017-04-18 13:04:23	1	0	1	0
   232039	2017-04-18 13:06:07	1	0	1	0
   233051	2017-04-18 13:19:21	1	0	1	0
   233040	2017-04-18 13:44:58	1	0	1	0
   234003	2017-04-18 15:36:30	1	1	1	0
   234007	2017-04-18 15:45:57	1	1	1	0
   233067	2017-04-18 16:15:46	1	1	1	0
   231138	2017-04-18 16:29:00	1	1	1	0
   231236	2017-04-18 16:29:11	1	1	1	0
   231277	2017-04-18 16:31:10	1	1	1	0
   231279	2017-04-18 16:31:17	1	1	1	0
   231196	2017-04-18 16:32:06	1	1	1	0
   231237	2017-04-18 16:32:41	1	1	1	0
   231036	2017-04-18 16:32:48	1	1	1	0
   231237	2017-04-18 16:32:51	1	1	1	0
   233039	2017-04-18 16:36:26	1	1	1	0
   233001	2017-04-18 16:41:05	1	1	1	0
   231252	2017-04-18 16:48:16	1	1	1	0
  2311186	2017-04-18 16:50:16	1	1	1	0
   233085	2017-04-18 16:50:50	1	0	1	0
   233065	2017-04-18 16:57:30	1	0	1	0
  2311186	2017-04-18 17:01:53	1	1	1	0
   231258	2017-04-18 17:05:56	1	1	1	0
   231258	2017-04-18 17:07:58	1	1	1	0
   231254	2017-04-18 17:10:16	1	1	1	0
   233039	2017-04-18 17:11:27	1	1	1	0
   233055	2017-04-18 17:12:38	1	1	1	0
   232001	2017-04-18 17:12:52	1	1	1	0
   232011	2017-04-18 17:16:18	1	1	1	0
   232014	2017-04-18 17:18:23	1	1	1	0
   231281	2017-04-18 17:20:06	1	1	1	0
   233083	2017-04-18 17:21:35	1	1	1	0
   231255	2017-04-18 17:26:38	1	1	1	0
   231194	2017-04-18 17:27:32	1	1	1	0
   231209	2017-04-18 17:27:38	1	1	1	0
   231187	2017-04-18 17:28:30	1	1	1	0
   233014	2017-04-18 17:30:12	1	1	1	0
   233068	2017-04-18 17:35:37	1	1	1	0
   233013	2017-04-18 17:37:47	1	1	1	0
   233019	2017-04-18 17:39:29	1	1	1	0
   231038	2017-04-18 17:42:40	1	1	1	0
   233082	2017-04-18 17:44:48	1	1	1	0
   231180	2017-04-18 17:46:09	1	1	1	0
   231097	2017-04-18 17:52:41	1	1	1	0
   233070	2017-04-18 17:55:22	1	1	1	0
   232026	2017-04-18 18:02:14	1	1	1	0
   234006	2017-04-18 18:02:27	1	0	1	0
   231101	2017-04-18 18:09:01	1	0	1	0
   231096	2017-04-18 18:10:06	1	0	1	0
   231048	2017-04-18 18:10:50	1	0	1	0
   231096	2017-04-18 18:15:24	1	0	1	0
   233086	2017-04-18 18:20:20	1	0	1	0
   234018	2017-04-18 18:23:00	1	1	1	0
   233078	2017-04-18 18:28:13	1	1	1	0
   233086	2017-04-18 18:28:37	1	1	1	0
   233088	2017-04-18 18:36:08	1	0	1	0
   233087	2017-04-18 18:45:06	1	1	1	0
   233045	2017-04-18 18:47:28	1	0	1	0
   233043	2017-04-18 18:58:44	1	0	1	0
   233069	2017-04-18 19:04:06	1	0	1	0
   233084	2017-04-18 19:04:52	1	0	1	0
   233084	2017-04-18 19:04:55	1	0	1	0
   233073	2017-04-18 19:08:14	1	0	1	0
   233074	2017-04-18 19:09:27	1	0	1	0
   233012	2017-04-18 19:13:32	1	1	1	0
   233003	2017-04-18 19:48:22	1	1	1	0
   234005	2017-04-18 20:13:42	1	0	1	0
   234005	2017-04-18 20:13:44	1	0	1	0
   235005	2017-04-18 20:19:57	1	0	1	0
   233080	2017-04-18 20:31:13	1	1	1	0
   233008	2017-04-18 21:09:27	1	1	1	0
   233077	2017-04-18 21:23:27	1	1	1	0
   233004	2017-04-18 21:23:40	1	1	1	0
   233037	2017-04-18 21:26:35	1	1	1	0
   232034	2017-04-18 21:55:57	1	1	1	0
   232039	2017-04-18 21:56:06	1	1	1	0
   232030	2017-04-18 21:57:54	1	1	1	0
   232019	2017-04-18 21:59:45	1	1	1	0
   234001	2017-04-18 22:00:32	1	1	1	0
   233051	2017-04-18 22:02:02	1	1	1	0
   233040	2017-04-18 23:56:29	1	1	1	0
   233088	2017-04-18 23:58:03	1	1	1	0
   233073	2017-04-18 23:58:36	1	1	1	0
   233069	2017-04-19 00:01:34	1	1	1	0
   233043	2017-04-19 00:02:10	1	1	1	0
   233045	2017-04-19 00:02:26	1	1	1	0
   233065	2017-04-19 00:02:41	1	1	1	0
   233085	2017-04-19 00:03:08	1	1	1	0
   233065	2017-04-19 00:03:50	1	1	1	0
   234006	2017-04-19 06:09:44	1	1	1	0
   234007	2017-04-19 06:25:03	1	0	1	0
   233003	2017-04-19 06:48:27	1	0	1	0
   233003	2017-04-19 06:48:29	1	0	1	0
   233087	2017-04-19 06:49:22	1	0	1	0
   233012	2017-04-19 06:50:28	1	0	1	0
   231097	2017-04-19 06:51:14	1	0	1	0
  2311186	2017-04-19 06:52:16	1	0	1	0
   233084	2017-04-19 06:58:33	1	0	1	0
   233068	2017-04-19 07:01:23	1	0	1	0
   233001	2017-04-19 07:07:27	1	0	1	0
   233080	2017-04-19 07:09:17	1	0	1	0
   231036	2017-04-19 07:11:50	1	0	1	0
   233086	2017-04-19 07:13:37	1	0	1	0
   233014	2017-04-19 07:13:55	1	0	1	0
   233013	2017-04-19 07:14:04	1	0	1	0
   233037	2017-04-19 07:14:42	1	0	1	0
   233082	2017-04-19 07:14:53	1	0	1	0
   233008	2017-04-19 07:17:52	1	0	1	0
   233078	2017-04-19 07:18:13	1	0	1	0
   233039	2017-04-19 07:18:30	1	0	1	0
   233067	2017-04-19 07:23:00	1	0	1	0
   233083	2017-04-19 07:26:37	1	0	1	0
   231279	2017-04-19 07:27:25	1	0	1	0
   233070	2017-04-19 07:28:03	1	0	1	0
   231101	2017-04-19 07:28:31	1	0	1	0
   233077	2017-04-19 07:29:04	1	0	1	0
   231277	2017-04-19 07:29:47	1	0	1	0
   231196	2017-04-19 07:31:29	1	0	1	0
   231281	2017-04-19 07:31:38	1	0	1	0
   231237	2017-04-19 07:38:11	1	0	1	0
   231237	2017-04-19 07:38:12	1	0	1	0
   231138	2017-04-19 07:40:08	1	0	1	0
   231236	2017-04-19 07:40:35	1	0	1	0
   231056	2017-04-19 07:41:29	1	0	1	0
   231255	2017-04-19 07:44:06	1	0	1	0
   231252	2017-04-19 07:44:14	1	0	1	0
   231187	2017-04-19 07:46:27	1	0	1	0
   231254	2017-04-19 07:48:30	1	0	1	0
   231039	2017-04-19 07:49:01	1	0	1	0
   231194	2017-04-19 07:50:24	1	0	1	0
   231096	2017-04-19 07:53:55	1	0	1	0
   231209	2017-04-19 07:54:25	1	0	1	0
   235005	2017-04-19 07:56:13	1	0	1	0
   231096	2017-04-19 07:56:28	1	0	1	0
   232014	2017-04-19 07:56:45	1	0	1	0
   231048	2017-04-19 07:57:28	1	0	1	0
   231180	2017-04-19 08:03:53	1	0	1	0
   233019	2017-04-19 08:04:31	1	0	1	0
   234003	2017-04-19 08:05:12	1	0	1	0
   232011	2017-04-19 08:11:48	1	0	1	0
   232026	2017-04-19 08:16:33	1	0	1	0
   232001	2017-04-19 08:19:35	1	0	1	0
   234001	2017-04-19 08:30:11	1	0	1	0
   233074	2017-04-19 10:02:47	1	0	1	0
   232019	2017-04-19 10:04:36	1	0	1	0
   234018	2017-04-19 10:21:23	1	0	1	0
   233040	2017-04-19 10:38:35	1	0	1	0
   232039	2017-04-19 12:51:27	1	0	1	0
   233004	2017-04-19 13:05:09	1	0	1	0
   232034	2017-04-19 13:13:31	1	0	1	0
   232030	2017-04-19 13:16:42	1	0	1	0
   233051	2017-04-19 13:16:50	1	0	1	0
   233043	2017-04-19 14:00:20	1	0	1	0
   233045	2017-04-19 14:14:40	1	0	1	0
   233008	2017-04-19 14:37:32	1	1	1	0
   233073	2017-04-19 14:44:06	1	0	1	0
   234007	2017-04-19 15:45:33	1	1	1	0
  2311186	2017-04-19 16:01:36	1	1	1	0
   233078	2017-04-19 16:01:46	1	1	1	0
   233078	2017-04-19 16:01:50	1	1	1	0
   233067	2017-04-19 16:03:53	1	1	1	0
   233084	2017-04-19 16:11:57	1	1	1	0
   233068	2017-04-19 16:12:47	1	1	1	0
   233013	2017-04-19 16:12:51	1	1	1	0
   231236	2017-04-19 16:19:13	1	1	1	0
   231196	2017-04-19 16:19:29	1	1	1	0
   233014	2017-04-19 16:21:09	1	1	1	0
   231237	2017-04-19 16:21:31	1	1	1	0
   231237	2017-04-19 16:21:33	1	1	1	0
   233003	2017-04-19 16:23:57	1	1	1	0
   231277	2017-04-19 16:25:56	1	1	1	0
   231252	2017-04-19 16:27:33	1	1	1	0
   231036	2017-04-19 16:30:12	1	1	1	0
   231252	2017-04-19 16:30:28	1	1	1	0
   231279	2017-04-19 16:35:12	1	1	1	0
   231138	2017-04-19 16:48:21	1	1	1	0
   233086	2017-04-19 16:48:26	1	1	1	0
   233019	2017-04-19 16:52:47	1	1	1	0
   233065	2017-04-19 16:52:56	1	0	1	0
   233085	2017-04-19 16:53:05	1	0	1	0
   233086	2017-04-19 16:54:39	1	0	1	0
   231281	2017-04-19 16:57:49	1	0	1	0
   231255	2017-04-19 16:58:22	1	1	1	0
   232001	2017-04-19 17:00:27	1	1	1	0
   232026	2017-04-19 17:00:37	1	1	1	0
   231254	2017-04-19 17:01:40	1	1	1	0
   232011	2017-04-19 17:08:40	1	1	1	0
   231038	2017-04-19 17:09:19	1	1	1	0
   233070	2017-04-19 17:13:21	1	1	1	0
   232014	2017-04-19 17:13:56	1	1	1	0
   231048	2017-04-19 17:16:53	1	1	1	0
   231194	2017-04-19 17:22:46	1	1	1	0
   231097	2017-04-19 17:42:41	1	1	1	0
   233001	2017-04-19 17:45:01	1	1	1	0
   233083	2017-04-19 17:57:43	1	1	1	0
   233080	2017-04-19 18:01:07	1	1	1	0
   233082	2017-04-19 18:01:24	1	1	1	0
   231101	2017-04-19 18:06:22	1	1	1	0
   231096	2017-04-19 18:16:40	1	1	1	0
   231039	2017-04-19 18:23:52	1	1	1	0
   231187	2017-04-19 18:24:51	1	1	1	0
   231180	2017-04-19 18:25:13	1	1	1	0
   234005	2017-04-19 18:25:20	1	0	1	0
   233088	2017-04-19 18:29:47	1	0	1	0
   233037	2017-04-19 18:39:29	1	0	1	0
   233069	2017-04-19 18:43:03	1	0	1	0
   233074	2017-04-19 19:00:00	1	0	1	0
   234018	2017-04-19 19:09:03	1	1	1	0
   233087	2017-04-19 19:17:18	1	1	1	0
   233012	2017-04-19 19:17:33	1	1	1	0
   232019	2017-04-19 19:41:27	1	1	1	0
   231044	2017-04-19 19:47:09	1	1	1	0
   231100	2017-04-19 19:47:15	1	1	1	0
   235005	2017-04-19 19:50:40	1	1	1	0
   232034	2017-04-19 21:06:56	1	1	1	0
   233004	2017-04-19 21:23:12	1	1	1	0
   234001	2017-04-19 21:48:42	1	1	1	0
   232030	2017-04-19 22:00:06	1	1	1	0
   232039	2017-04-19 22:00:12	1	1	1	0
   233051	2017-04-19 22:00:19	1	1	1	0
   233040	2017-04-19 23:15:02	1	1	1	0
   233045	2017-04-19 23:56:59	1	1	1	0
   233088	2017-04-19 23:57:06	1	1	1	0
   233073	2017-04-19 23:57:13	1	1	1	0
   233069	2017-04-19 23:57:20	1	1	1	0
   233085	2017-04-19 23:57:28	1	1	1	0
   233043	2017-04-19 23:57:37	1	1	1	0
   233065	2017-04-19 23:57:46	1	1	1	0
   233065	2017-04-19 23:58:54	1	1	1	0
   234007	2017-04-20 06:26:31	1	0	1	0
   231038	2017-04-20 06:32:37	1	0	1	0
   231038	2017-04-20 06:34:33	1	0	1	0
   233008	2017-04-20 06:44:13	1	0	1	0
   233012	2017-04-20 06:44:59	1	0	1	0
   233003	2017-04-20 06:45:06	1	0	1	0
   233087	2017-04-20 06:52:24	1	0	1	0
   233001	2017-04-20 06:59:35	1	0	1	0
   233078	2017-04-20 07:04:59	1	0	1	0
   233082	2017-04-20 07:05:26	1	0	1	0
   233084	2017-04-20 07:07:12	1	0	1	0
   233014	2017-04-20 07:10:52	1	0	1	0
   231036	2017-04-20 07:11:23	1	0	1	0
   233083	2017-04-20 07:11:45	1	0	1	0
   233080	2017-04-20 07:12:35	1	0	1	0
  2311186	2017-04-20 07:14:09	1	0	1	0
   233086	2017-04-20 07:14:14	1	0	1	0
   233039	2017-04-20 07:16:12	1	0	1	0
   233013	2017-04-20 07:16:23	1	0	1	0
   233055	2017-04-20 07:16:30	1	0	1	0
   233037	2017-04-20 07:17:29	1	0	1	0
   231097	2017-04-20 07:20:17	1	0	1	0
   233067	2017-04-20 07:22:10	1	0	1	0
   233077	2017-04-20 07:23:41	1	0	1	0
   231281	2017-04-20 07:25:06	1	0	1	0
   231277	2017-04-20 07:26:42	1	0	1	0
   233068	2017-04-20 07:27:29	1	0	1	0
   231279	2017-04-20 07:28:58	1	0	1	0
   231236	2017-04-20 07:34:56	1	0	1	0
   231196	2017-04-20 07:35:08	1	0	1	0
   231237	2017-04-20 07:37:07	1	0	1	0
   231237	2017-04-20 07:37:09	1	0	1	0
   231252	2017-04-20 07:38:05	1	0	1	0
   233070	2017-04-20 07:38:28	1	0	1	0
   231187	2017-04-20 07:39:54	1	0	1	0
   231056	2017-04-20 07:43:01	1	0	1	0
   231138	2017-04-20 07:43:25	1	0	1	0
   231048	2017-04-20 07:45:00	1	0	1	0
   231194	2017-04-20 07:45:33	1	0	1	0
   231255	2017-04-20 07:49:22	1	0	1	0
   231101	2017-04-20 07:50:38	1	0	1	0
   231096	2017-04-20 07:51:00	1	0	1	0
   231039	2017-04-20 07:53:45	1	0	1	0
   231180	2017-04-20 07:56:15	1	0	1	0
   231254	2017-04-20 07:56:26	1	0	1	0
   231209	2017-04-20 07:57:52	1	0	1	0
   232011	2017-04-20 08:05:08	1	0	1	0
   235005	2017-04-20 08:07:10	1	0	1	0
   233019	2017-04-20 08:08:25	1	0	1	0
   234004	2017-04-20 08:10:03	1	0	1	0
   234003	2017-04-20 08:10:12	1	1	1	0
   232014	2017-04-20 08:12:28	1	1	1	0
   234001	2017-04-20 08:13:33	1	1	1	0
   232001	2017-04-20 08:13:55	1	0	1	0
   232026	2017-04-20 08:14:03	1	0	1	0
   232034	2017-04-20 08:21:52	1	0	1	0
   233074	2017-04-20 09:57:20	1	0	1	0
   232019	2017-04-20 10:06:39	1	0	1	0
   231258	2017-04-20 10:47:50	1	0	1	0
   233051	2017-04-20 11:11:03	1	0	1	0
   232006	2017-04-20 13:01:05	1	0	1	0
   233004	2017-04-20 13:03:30	1	0	1	0
   232030	2017-04-20 13:06:08	1	0	1	0
   232039	2017-04-20 13:10:35	1	0	1	0
   233040	2017-04-20 13:39:04	1	0	1	0
