312066	2017-02-03 17:48:21	1	1	1	0
311083	2017-02-03 17:48:49	1	1	1	0
311018	2017-02-03 17:48:58	1	1	1	0
313094	2017-02-03 17:49:14	1	1	1	0
311336	2017-02-03 18:01:42	1	1	1	0
312078	2017-02-03 18:16:57	1	1	1	0
314022	2017-02-03 18:17:05	1	1	1	0
311090	2017-02-03 18:38:42	1	1	1	0
314021	2017-02-03 18:42:16	1	0	1	0
314018	2017-02-03 18:58:11	1	0	1	0
313120	2017-02-03 18:58:24	1	0	1	0
313120	2017-02-03 18:59:59	1	0	1	0
314019	2017-02-03 19:01:05	1	1	1	0
314008	2017-02-03 19:01:09	1	1	1	0
313119	2017-02-03 19:23:09	1	0	1	0
312081	2017-02-03 19:32:15	1	1	1	0
313126	2017-02-03 19:33:29	1	0	1	0
313119	2017-02-03 19:35:58	1	1	1	0
312077	2017-02-03 19:45:25	1	1	1	0
314017	2017-02-03 19:47:05	1	1	1	0
313120	2017-02-03 19:49:41	1	1	1	0
311005	2017-02-03 20:10:49	1	1	1	0
311004	2017-02-03 20:32:22	1	1	1	0
313098	2017-02-03 21:07:19	1	1	1	0
313036	2017-02-03 21:11:07	1	1	1	0
313073	2017-02-03 21:20:08	1	0	1	0
312057	2017-02-03 21:46:21	1	1	1	0
312023	2017-02-03 21:47:06	1	1	1	0
312085	2017-02-03 21:47:36	1	1	1	0
312071	2017-02-03 21:54:23	1	1	1	0
313007	2017-02-03 22:18:17	1	1	1	0
313106	2017-02-03 23:54:03	1	1	1	0
313141	2017-02-03 23:54:16	1	1	1	0
313135	2017-02-03 23:54:28	1	1	1	0
313002	2017-02-03 23:54:36	1	1	1	0
313063	2017-02-03 23:54:44	1	1	1	0
313130	2017-02-03 23:54:51	1	1	1	0
313096	2017-02-03 23:55:36	1	1	1	0
313073	2017-02-04 02:34:16	1	1	1	0
313009	2017-02-04 06:24:21	1	0	1	0
314008	2017-02-04 06:36:49	1	0	1	0
314020	2017-02-04 06:44:21	1	0	1	0
314020	2017-02-04 06:44:25	1	0	1	0
313012	2017-02-04 06:45:26	1	0	1	0
314009	2017-02-04 06:55:45	1	0	1	0
313021	2017-02-04 06:56:25	1	0	1	0
313023	2017-02-04 06:56:36	1	0	1	0
313032	2017-02-04 06:59:34	1	1	1	0
313032	2017-02-04 06:59:40	1	0	1	0
313022	2017-02-04 06:59:53	1	0	1	0
313050	2017-02-04 07:00:11	1	0	1	0
314021	2017-02-04 07:00:18	1	1	1	0
313094	2017-02-04 07:02:46	1	0	1	0
313097	2017-02-04 07:03:00	1	0	1	0
313014	2017-02-04 07:03:12	1	0	1	0
313007	2017-02-04 07:04:03	1	0	1	0
313048	2017-02-04 07:04:13	1	0	1	0
313060	2017-02-04 07:09:18	1	0	1	0
313090	2017-02-04 07:09:59	1	0	1	0
313011	2017-02-04 07:12:02	1	0	1	0
313006	2017-02-04 07:12:04	1	0	1	0
313013	2017-02-04 07:13:14	1	0	1	0
313017	2017-02-04 07:15:23	1	0	1	0
313116	2017-02-04 07:22:29	1	0	1	0
313126	2017-02-04 07:23:05	1	1	1	0
313095	2017-02-04 07:25:53	1	0	1	0
313042	2017-02-04 07:25:57	1	0	1	0
313081	2017-02-04 07:34:30	1	0	1	0
314018	2017-02-04 07:38:37	1	1	1	0
311333	2017-02-04 07:42:18	1	1	1	0
312090	2017-02-04 07:44:37	1	1	1	0
313108	2017-02-04 07:47:21	1	0	1	0
312075	2017-02-04 07:47:29	1	0	1	0
311334	2017-02-04 07:47:34	1	0	1	0
311334	2017-02-04 07:47:38	1	0	1	0
311325	2017-02-04 07:48:06	1	0	1	0
313133	2017-02-04 07:51:31	1	0	1	0
311232	2017-02-04 07:52:02	1	0	1	0
312088	2017-02-04 07:53:20	1	0	1	0
311090	2017-02-04 07:53:45	1	0	1	0
312026	2017-02-04 07:54:00	1	0	1	0
311340	2017-02-04 07:54:06	1	0	1	0
312087	2017-02-04 07:54:12	1	0	1	0
311341	2017-02-04 07:54:44	1	0	1	0
312089	2017-02-04 07:55:53	1	0	1	0
311222	2017-02-04 07:56:00	1	0	1	0
311337	2017-02-04 07:56:09	1	0	1	0
311211	2017-02-04 07:57:19	1	0	1	0
311329	2017-02-04 07:58:04	1	0	1	0
311219	2017-02-04 07:58:09	1	0	1	0
311089	2017-02-04 07:58:20	1	0	1	0
311301	2017-02-04 07:58:27	1	0	1	0
311191	2017-02-04 07:58:49	1	0	1	0
315002	2017-02-04 08:00:09	1	0	1	0
312020	2017-02-04 08:00:43	1	0	1	0
312066	2017-02-04 08:00:53	1	0	1	0
312041	2017-02-04 08:01:26	1	0	1	0
311005	2017-02-04 08:01:47	1	0	1	0
311038	2017-02-04 08:02:44	1	0	1	0
313025	2017-02-04 08:03:30	1	0	1	0
313058	2017-02-04 08:05:30	1	0	1	0
311018	2017-02-04 08:06:45	1	0	1	0
312078	2017-02-04 08:10:10	1	0	1	0
311004	2017-02-04 08:11:07	1	0	1	0
314022	2017-02-04 08:11:36	1	0	1	0
312077	2017-02-04 08:13:00	1	0	1	0
311328	2017-02-04 08:19:14	1	0	1	0
313100	2017-02-04 08:30:47	1	0	1	0
313007	2017-02-04 09:43:47	1	1	1	0
314017	2017-02-04 10:40:02	1	0	1	0
312023	2017-02-04 10:54:38	1	0	1	0
312081	2017-02-04 10:55:11	1	0	1	0
312084	2017-02-04 11:10:28	1	0	1	0
313116	2017-02-04 12:00:53	1	1	1	0
313011	2017-02-04 12:03:19	1	1	1	0
313090	2017-02-04 12:16:07	1	1	1	0
313036	2017-02-04 12:18:17	1	0	1	0
313042	2017-02-04 12:21:55	1	1	1	0
312071	2017-02-04 12:23:44	1	1	1	0
313017	2017-02-04 12:31:11	1	1	1	0
312057	2017-02-04 12:45:51	1	1	1	0
311219	2017-02-04 12:51:03	1	1	1	0
311219	2017-02-04 12:51:07	1	1	1	0
313098	2017-02-04 12:58:35	1	0	1	0
314016	2017-02-04 13:04:05	1	1	1	0
313012	2017-02-04 13:12:57	1	1	1	0
313050	2017-02-04 13:17:00	1	1	1	0
313032	2017-02-04 13:19:49	1	1	1	0
313048	2017-02-04 13:21:11	1	1	1	0
311341	2017-02-04 13:29:59	1	1	1	0
313002	2017-02-04 13:30:34	1	0	1	0
311038	2017-02-04 13:30:46	1	1	1	0
313021	2017-02-04 13:32:41	1	1	1	0
312090	2017-02-04 13:38:15	1	1	1	0
313025	2017-02-04 13:39:30	1	1	1	0
311301	2017-02-04 13:40:22	1	1	1	0
311328	2017-02-04 13:40:26	1	1	1	0
311334	2017-02-04 13:40:31	1	1	1	0
311334	2017-02-04 13:40:33	1	1	1	0
311337	2017-02-04 13:41:40	1	1	1	0
313096	2017-02-04 13:43:08	1	0	1	0
312041	2017-02-04 13:43:48	1	1	1	0
313081	2017-02-04 13:48:12	1	1	1	0
313135	2017-02-04 13:49:28	1	0	1	0
311340	2017-02-04 13:53:51	1	0	1	0
311340	2017-02-04 13:53:53	1	0	1	0
313063	2017-02-04 14:02:24	1	0	1	0
311333	2017-02-04 14:04:05	1	0	1	0
311211	2017-02-04 14:04:18	1	0	1	0
314009	2017-02-04 14:05:32	1	1	1	0
313130	2017-02-04 14:10:41	1	0	1	0
312026	2017-02-04 14:11:00	1	1	1	0
312075	2017-02-04 14:11:09	1	1	1	0
313141	2017-02-04 14:13:35	1	0	1	0
313013	2017-02-04 14:14:09	1	1	1	0
313058	2017-02-04 14:14:47	1	1	1	0
312087	2017-02-04 14:15:44	1	1	1	0
311191	2017-02-04 14:19:39	1	1	1	0
311089	2017-02-04 14:19:47	1	1	1	0
313001	2017-02-04 14:19:53	1	1	1	0
312066	2017-02-04 14:24:56	1	1	1	0
312088	2017-02-04 14:25:24	1	1	1	0
311232	2017-02-04 14:27:00	1	1	1	0
311329	2017-02-04 14:31:17	1	1	1	0
315002	2017-02-04 14:36:19	1	1	1	0
311325	2017-02-04 14:39:53	1	1	1	0
313057	2017-02-04 14:42:30	1	1	1	0
311018	2017-02-04 14:43:22	1	1	1	0
312020	2017-02-04 14:47:43	1	1	1	0
311222	2017-02-04 14:54:56	1	1	1	0
313097	2017-02-04 14:57:50	1	1	1	0
311018	2017-02-04 15:02:49	1	1	1	0
314022	2017-02-04 15:05:29	1	1	1	0
313108	2017-02-04 15:12:04	1	1	1	0
313095	2017-02-04 15:46:19	1	1	1	0
313022	2017-02-04 15:46:27	1	1	1	0
313014	2017-02-04 15:46:31	1	1	1	0
312089	2017-02-04 16:03:45	1	1	1	0
311005	2017-02-04 16:04:52	1	1	1	0
311090	2017-02-04 16:05:31	1	1	1	0
312077	2017-02-04 16:22:24	1	1	1	0
313006	2017-02-04 16:24:19	1	1	1	0
313009	2017-02-04 16:37:37	1	1	1	0
313060	2017-02-04 16:43:38	1	1	1	0
313094	2017-02-04 16:43:45	1	1	1	0
313094	2017-02-04 16:44:36	1	1	1	0
 31125	2017-02-04 16:46:45	1	1	1	0
311004	2017-02-04 16:50:52	1	1	1	0
314017	2017-02-04 16:56:46	1	1	1	0
313023	2017-02-04 17:06:06	1	1	1	0
313126	2017-02-04 17:40:25	1	0	1	0
313073	2017-02-04 18:00:35	1	0	1	0
312078	2017-02-04 18:07:40	1	1	1	0
312081	2017-02-04 18:29:54	1	1	1	0
313119	2017-02-04 18:31:44	1	0	1	0
313130	2017-02-04 18:42:36	1	1	1	0
313119	2017-02-04 18:43:32	1	1	1	0
313141	2017-02-04 18:44:06	1	1	1	0
313135	2017-02-04 18:45:25	1	1	1	0
314021	2017-02-04 18:46:40	1	0	1	0
314019	2017-02-04 18:47:14	1	0	1	0
313063	2017-02-04 18:47:37	1	0	1	0
313120	2017-02-04 18:50:02	1	0	1	0
314008	2017-02-04 19:00:25	1	1	1	0
314020	2017-02-04 19:00:35	1	1	1	0
314020	2017-02-04 19:00:39	1	1	1	0
313098	2017-02-04 19:01:16	1	1	1	0
313001	2017-02-04 19:01:49	1	1	1	0
313007	2017-02-04 19:05:41	1	1	1	0
313002	2017-02-04 19:05:46	1	1	1	0
312057	2017-02-04 19:18:24	1	1	1	0
312023	2017-02-04 19:18:49	1	1	1	0
312071	2017-02-04 19:19:51	1	1	1	0
312084	2017-02-04 19:35:56	1	1	1	0
313073	2017-02-05 00:20:11	1	1	1	0
314006	2017-02-05 06:40:36	1	0	1	0
314021	2017-02-05 07:00:19	1	1	1	0
314019	2017-02-05 07:00:28	1	1	1	0
314019	2017-02-05 07:00:31	1	1	1	0
314008	2017-02-05 18:28:28	1	0	1	0
314019	2017-02-05 18:51:15	1	0	1	0
314019	2017-02-05 18:51:20	1	0	1	0
314020	2017-02-05 19:02:58	1	1	1	0
314020	2017-02-05 19:03:04	1	1	1	0
313119	2017-02-06 03:01:58	1	1	1	0
314017	2017-02-06 06:16:50	1	0	1	0
313014	2017-02-06 06:44:46	1	0	1	0
313021	2017-02-06 06:53:21	1	0	1	0
314018	2017-02-06 06:54:10	1	0	1	0
314018	2017-02-06 06:54:17	1	0	1	0
314006	2017-02-06 06:57:07	1	0	1	0
314009	2017-02-06 06:57:11	1	0	1	0
313023	2017-02-06 06:57:19	1	0	1	0
313012	2017-02-06 06:59:51	1	0	1	0
313090	2017-02-06 07:00:12	1	0	1	0
314019	2017-02-06 07:00:34	1	1	1	0
314008	2017-02-06 07:00:40	1	1	1	0
313032	2017-02-06 07:01:46	1	0	1	0
313007	2017-02-06 07:02:22	1	0	1	0
313011	2017-02-06 07:08:31	1	0	1	0
313048	2017-02-06 07:08:35	1	0	1	0
313006	2017-02-06 07:08:37	1	0	1	0
313097	2017-02-06 07:08:55	1	0	1	0
313050	2017-02-06 07:10:46	1	0	1	0
313022	2017-02-06 07:13:44	1	0	1	0
313017	2017-02-06 07:16:14	1	0	1	0
313051	2017-02-06 07:20:23	1	0	1	0
313060	2017-02-06 07:20:57	1	0	1	0
313135	2017-02-06 07:23:37	1	0	1	0
313042	2017-02-06 07:23:42	1	0	1	0
313081	2017-02-06 07:31:47	1	0	1	0
311090	2017-02-06 07:32:08	1	0	1	0
311222	2017-02-06 07:33:25	1	0	1	0
313116	2017-02-06 07:35:52	1	0	1	0
311325	2017-02-06 07:42:11	1	0	1	0
311057	2017-02-06 07:46:15	1	0	1	0
312070	2017-02-06 07:48:35	1	0	1	0
311211	2017-02-06 07:48:42	1	0	1	0
312088	2017-02-06 07:50:55	1	0	1	0
311334	2017-02-06 07:51:20	1	0	1	0
311334	2017-02-06 07:51:24	1	0	1	0
312089	2017-02-06 07:51:33	1	0	1	0
311333	2017-02-06 07:52:01	1	0	1	0
311004	2017-02-06 07:53:39	1	0	1	0
312026	2017-02-06 07:54:14	1	0	1	0
311328	2017-02-06 07:54:39	1	0	1	0
313057	2017-02-06 07:54:44	1	0	1	0
313002	2017-02-06 07:55:13	1	0	1	0
312081	2017-02-06 07:55:22	1	0	1	0
313025	2017-02-06 07:55:45	1	0	1	0
311232	2017-02-06 07:57:28	1	0	1	0
312075	2017-02-06 07:57:33	1	0	1	0
311340	2017-02-06 07:58:08	1	0	1	0
311191	2017-02-06 07:58:27	1	0	1	0
311337	2017-02-06 07:58:34	1	0	1	0
311301	2017-02-06 08:00:29	1	0	1	0
313108	2017-02-06 08:00:47	1	0	1	0
312077	2017-02-06 08:01:00	1	0	1	0
315002	2017-02-06 08:01:14	1	0	1	0
312087	2017-02-06 08:01:26	1	0	1	0
312041	2017-02-06 08:01:35	1	0	1	0
311336	2017-02-06 08:02:21	1	0	1	0
311089	2017-02-06 08:03:04	1	0	1	0
311098	2017-02-06 08:04:48	1	0	1	0
311038	2017-02-06 08:05:31	1	0	1	0
311018	2017-02-06 08:06:23	1	0	1	0
311341	2017-02-06 08:11:19	1	0	1	0
311083	2017-02-06 08:12:19	1	0	1	0
313058	2017-02-06 08:12:59	1	0	1	0
311219	2017-02-06 08:13:15	1	0	1	0
311219	2017-02-06 08:13:17	1	0	1	0
312020	2017-02-06 08:13:22	1	0	1	0
311329	2017-02-06 08:15:36	1	0	1	0
314022	2017-02-06 08:15:53	1	0	1	0
312066	2017-02-06 08:19:50	1	0	1	0
311005	2017-02-06 08:26:04	1	0	1	0
 31125	2017-02-06 08:29:59	1	0	1	0
312023	2017-02-06 08:44:10	1	0	1	0
311345	2017-02-06 08:59:54	1	0	1	0
313036	2017-02-06 09:38:36	1	0	1	0
313007	2017-02-06 09:50:47	1	1	1	0
312078	2017-02-06 10:28:12	1	0	1	0
313060	2017-02-06 11:00:25	1	0	1	0
313050	2017-02-06 11:06:49	1	1	1	0
313023	2017-02-06 11:32:47	1	1	1	0
312085	2017-02-06 11:50:38	1	0	1	0
313116	2017-02-06 12:10:11	1	1	1	0
313011	2017-02-06 12:10:33	1	1	1	0
313090	2017-02-06 12:10:52	1	1	1	0
313021	2017-02-06 12:11:01	1	1	1	0
313051	2017-02-06 12:11:32	1	1	1	0
314016	2017-02-06 12:11:49	1	0	1	0
313017	2017-02-06 12:23:04	1	0	1	0
312084	2017-02-06 12:26:48	1	0	1	0
313006	2017-02-06 12:30:44	1	1	1	0
312071	2017-02-06 12:42:24	1	1	1	0
312057	2017-02-06 12:46:12	1	1	1	0
313012	2017-02-06 13:13:37	1	1	1	0
313014	2017-02-06 13:14:57	1	1	1	0
313022	2017-02-06 13:22:11	1	1	1	0
314017	2017-02-06 14:14:26	1	1	1	0
 31125	2017-02-06 15:24:25	1	1	1	0
313042	2017-02-06 15:26:07	1	1	1	0
313063	2017-02-06 15:32:27	1	1	1	0
313094	2017-02-06 15:51:40	1	0	1	0
313133	2017-02-06 15:57:11	1	0	1	0
313013	2017-02-06 16:02:49	1	0	1	0
313106	2017-02-06 16:03:06	1	0	1	0
313096	2017-02-06 16:03:46	1	0	1	0
311038	2017-02-06 16:13:13	1	1	1	0
313135	2017-02-06 16:13:48	1	1	1	0
313108	2017-02-06 16:18:27	1	1	1	0
313001	2017-02-06 16:20:03	1	1	1	0
311191	2017-02-06 16:31:54	1	1	1	0
313058	2017-02-06 16:32:05	1	1	1	0
311232	2017-02-06 16:37:39	1	1	1	0
312070	2017-02-06 16:43:09	1	1	1	0
311232	2017-02-06 16:48:04	1	1	1	0
313048	2017-02-06 16:48:29	1	1	1	0
311211	2017-02-06 16:49:47	1	1	1	0
313007	2017-02-06 16:50:51	1	0	1	0
311341	2017-02-06 16:54:20	1	0	1	0
311345	2017-02-06 16:59:18	1	0	1	0
311098	2017-02-06 17:00:12	1	0	1	0
311328	2017-02-06 17:00:45	1	0	1	0
312089	2017-02-06 17:00:55	1	0	1	0
312088	2017-02-06 17:01:10	1	0	1	0
313002	2017-02-06 17:01:41	1	1	1	0
312041	2017-02-06 17:01:48	1	1	1	0
312088	2017-02-06 17:02:05	1	1	1	0
312081	2017-02-06 17:04:51	1	1	1	0
312026	2017-02-06 17:05:42	1	1	1	0
312020	2017-02-06 17:05:53	1	1	1	0
312075	2017-02-06 17:06:03	1	1	1	0
312087	2017-02-06 17:06:08	1	1	1	0
311023	2017-02-06 17:06:16	1	1	1	0
311301	2017-02-06 17:06:35	1	1	1	0
311334	2017-02-06 17:06:53	1	1	1	0
313081	2017-02-06 17:07:00	1	1	1	0
314022	2017-02-06 17:07:08	1	1	1	0
315002	2017-02-06 17:07:20	1	1	1	0
314009	2017-02-06 17:09:54	1	1	1	0
311018	2017-02-06 17:12:47	1	1	1	0
311333	2017-02-06 17:13:49	1	1	1	0
313057	2017-02-06 17:14:07	1	1	1	0
311018	2017-02-06 17:14:24	1	1	1	0
311219	2017-02-06 17:14:49	1	1	1	0
311083	2017-02-06 17:19:43	1	1	1	0
312066	2017-02-06 17:24:41	1	1	1	0
311340	2017-02-06 17:25:35	1	1	1	0
311340	2017-02-06 17:25:37	1	1	1	0
311222	2017-02-06 17:26:58	1	1	1	0
311089	2017-02-06 17:32:09	1	1	1	0
313025	2017-02-06 17:46:52	1	1	1	0
311057	2017-02-06 17:47:03	1	1	1	0
313097	2017-02-06 17:49:02	1	1	1	0
312077	2017-02-06 18:09:22	1	1	1	0
311325	2017-02-06 18:12:42	1	1	1	0
311337	2017-02-06 18:13:51	1	1	1	0
311329	2017-02-06 18:15:09	1	1	1	0
311336	2017-02-06 18:18:05	1	1	1	0
314008	2017-02-06 18:54:40	1	0	1	0
314020	2017-02-06 18:55:09	1	0	1	0
313120	2017-02-06 19:00:47	1	0	1	0
313126	2017-02-06 19:03:31	1	0	1	0
314006	2017-02-06 19:05:08	1	1	1	0
314018	2017-02-06 19:05:30	1	1	1	0
313119	2017-02-06 19:19:53	1	0	1	0
312078	2017-02-06 19:30:12	1	1	1	0
311004	2017-02-06 19:38:08	1	1	1	0
311005	2017-02-06 19:43:27	1	1	1	0
311090	2017-02-06 19:45:47	1	1	1	0
313119	2017-02-06 19:52:21	1	1	1	0
314016	2017-02-06 19:56:27	1	1	1	0
313036	2017-02-06 20:13:55	1	1	1	0
313073	2017-02-06 20:38:50	1	0	1	0
312084	2017-02-06 20:41:08	1	1	1	0
312057	2017-02-06 20:41:27	1	1	1	0
312085	2017-02-06 20:41:31	1	1	1	0
312023	2017-02-06 20:41:47	1	1	1	0
312071	2017-02-06 20:42:03	1	1	1	0
313007	2017-02-06 21:27:27	1	1	1	0
313013	2017-02-06 21:33:40	1	1	1	0
313063	2017-02-07 00:58:21	1	1	1	0
313106	2017-02-07 01:00:23	1	1	1	0
313133	2017-02-07 01:00:27	1	1	1	0
313096	2017-02-07 01:02:12	1	1	1	0
313094	2017-02-07 01:02:54	1	1	1	0
313001	2017-02-07 01:03:19	1	1	1	0
313073	2017-02-07 02:53:39	1	1	1	0
314017	2017-02-07 06:20:28	1	0	1	0
313009	2017-02-07 06:21:12	1	0	1	0
314018	2017-02-07 06:42:34	1	0	1	0
314021	2017-02-07 06:45:40	1	0	1	0
313032	2017-02-07 06:48:08	1	0	1	0
313012	2017-02-07 06:49:06	1	0	1	0
313021	2017-02-07 06:51:13	1	0	1	0
313007	2017-02-07 06:55:33	1	0	1	0
313050	2017-02-07 06:56:35	1	0	1	0
313090	2017-02-07 06:58:03	1	0	1	0
314009	2017-02-07 06:59:09	1	0	1	0
314008	2017-02-07 07:00:04	1	1	1	0
314020	2017-02-07 07:00:13	1	1	1	0
313048	2017-02-07 07:01:45	1	0	1	0
313023	2017-02-07 07:07:02	1	0	1	0
313116	2017-02-07 07:07:47	1	0	1	0
313130	2017-02-07 07:08:11	1	0	1	0
313006	2017-02-07 07:08:58	1	0	1	0
313011	2017-02-07 07:09:01	1	0	1	0
313097	2017-02-07 07:12:32	1	0	1	0
313060	2017-02-07 07:13:02	1	0	1	0
313014	2017-02-07 07:14:47	1	0	1	0
313051	2017-02-07 07:18:40	1	0	1	0
313022	2017-02-07 07:19:23	1	0	1	0
313141	2017-02-07 07:19:51	1	0	1	0
313042	2017-02-07 07:22:50	1	0	1	0
313081	2017-02-07 07:24:58	1	0	1	0
313095	2017-02-07 07:26:33	1	0	1	0
311090	2017-02-07 07:32:49	1	0	1	0
313002	2017-02-07 07:37:26	1	0	1	0
311004	2017-02-07 07:37:53	1	0	1	0
311232	2017-02-07 07:39:17	1	0	1	0
312026	2017-02-07 07:40:05	1	0	1	0
311232	2017-02-07 07:40:17	1	0	1	0
312090	2017-02-07 07:40:36	1	0	1	0
311222	2017-02-07 07:43:00	1	0	1	0
312070	2017-02-07 07:44:12	1	0	1	0
311334	2017-02-07 07:44:51	1	0	1	0
311334	2017-02-07 07:44:55	1	0	1	0
313120	2017-02-07 07:45:22	1	1	1	0
312088	2017-02-07 07:45:36	1	0	1	0
311301	2017-02-07 07:46:20	1	0	1	0
312089	2017-02-07 07:47:46	1	0	1	0
311057	2017-02-07 07:48:55	1	0	1	0
311057	2017-02-07 07:49:00	1	0	1	0
311328	2017-02-07 07:49:28	1	0	1	0
311333	2017-02-07 07:50:14	1	0	1	0
312075	2017-02-07 07:51:33	1	0	1	0
311083	2017-02-07 07:52:28	1	0	1	0
311211	2017-02-07 07:53:38	1	0	1	0
311340	2017-02-07 07:54:05	1	0	1	0
312087	2017-02-07 07:54:49	1	0	1	0
311089	2017-02-07 07:55:54	1	0	1	0
311337	2017-02-07 07:56:32	1	0	1	0
313025	2017-02-07 07:56:58	1	0	1	0
311191	2017-02-07 07:57:29	1	0	1	0
311325	2017-02-07 07:59:01	1	0	1	0
313108	2017-02-07 07:59:04	1	0	1	0
311345	2017-02-07 08:01:03	1	0	1	0
315002	2017-02-07 08:01:16	1	0	1	0
312041	2017-02-07 08:01:32	1	0	1	0
311098	2017-02-07 08:02:11	1	0	1	0
312081	2017-02-07 08:04:44	1	0	1	0
311341	2017-02-07 08:05:04	1	0	1	0
311018	2017-02-07 08:08:04	1	0	1	0
313057	2017-02-07 08:09:54	1	0	1	0
314022	2017-02-07 08:10:04	1	0	1	0
312077	2017-02-07 08:12:02	1	0	1	0
313058	2017-02-07 08:12:51	1	0	1	0
311336	2017-02-07 08:12:56	1	0	1	0
311219	2017-02-07 08:13:00	1	0	1	0
312020	2017-02-07 08:18:42	1	0	1	0
312023	2017-02-07 08:33:53	1	0	1	0
312066	2017-02-07 09:33:35	1	0	1	0
313036	2017-02-07 09:39:16	1	0	1	0
313098	2017-02-07 09:42:56	1	0	1	0
313007	2017-02-07 09:44:54	1	1	1	0
312078	2017-02-07 10:40:09	1	0	1	0
313130	2017-02-07 11:01:57	1	1	1	0
312071	2017-02-07 11:11:45	1	1	1	0
312085	2017-02-07 11:54:57	1	0	1	0
312084	2017-02-07 12:21:57	1	0	1	0
314016	2017-02-07 12:28:01	1	0	1	0
312057	2017-02-07 12:33:20	1	0	1	0
313095	2017-02-07 12:45:57	1	1	1	0
313032	2017-02-07 12:46:02	1	1	1	0
313021	2017-02-07 12:46:33	1	1	1	0
313116	2017-02-07 12:53:28	1	1	1	0
313042	2017-02-07 13:13:41	1	1	1	0
313090	2017-02-07 14:19:50	1	1	1	0
313006	2017-02-07 14:25:06	1	1	1	0
313009	2017-02-07 14:30:25	1	1	1	0
314017	2017-02-07 14:33:25	1	1	1	0
313013	2017-02-07 14:36:45	1	0	1	0
313022	2017-02-07 14:48:27	1	1	1	0
313050	2017-02-07 14:48:31	1	1	1	0
313014	2017-02-07 14:48:42	1	1	1	0
313063	2017-02-07 15:38:00	1	0	1	0
311336	2017-02-07 15:49:00	1	0	1	0
313060	2017-02-07 15:50:56	1	0	1	0
313135	2017-02-07 15:59:22	1	0	1	0
313133	2017-02-07 15:59:35	1	0	1	0
313094	2017-02-07 16:01:52	1	0	1	0
313023	2017-02-07 16:07:48	1	1	1	0
313106	2017-02-07 16:18:50	1	0	1	0
313096	2017-02-07 16:22:21	1	0	1	0
313001	2017-02-07 16:29:44	1	0	1	0
313007	2017-02-07 16:30:05	1	0	1	0
313012	2017-02-07 16:31:51	1	1	1	0
311232	2017-02-07 16:38:18	1	1	1	0
312070	2017-02-07 16:43:13	1	1	1	0
311211	2017-02-07 16:43:29	1	1	1	0
311341	2017-02-07 16:44:31	1	1	1	0
311089	2017-02-07 16:51:40	1	1	1	0
312088	2017-02-07 16:52:53	1	1	1	0
313048	2017-02-07 16:53:04	1	1	1	0
312041	2017-02-07 16:53:13	1	1	1	0
313141	2017-02-07 16:56:11	1	1	1	0
311191	2017-02-07 16:56:18	1	1	1	0
313108	2017-02-07 16:56:21	1	1	1	0
312090	2017-02-07 16:56:43	1	1	1	0
313058	2017-02-07 17:02:22	1	1	1	0
311018	2017-02-07 17:04:28	1	1	1	0
311018	2017-02-07 17:04:52	1	1	1	0
312075	2017-02-07 17:05:01	1	1	1	0
312087	2017-02-07 17:05:49	1	1	1	0
314009	2017-02-07 17:08:22	1	1	1	0
312020	2017-02-07 17:14:20	1	1	1	0
311345	2017-02-07 17:19:08	1	1	1	0
311083	2017-02-07 17:19:32	1	1	1	0
311334	2017-02-07 17:19:41	1	1	1	0
311334	2017-02-07 17:19:44	1	1	1	0
311328	2017-02-07 17:19:58	1	1	1	0
312066	2017-02-07 17:20:51	1	1	1	0
311098	2017-02-07 17:21:08	1	1	1	0
311023	2017-02-07 17:21:14	1	1	1	0
311333	2017-02-07 17:21:20	1	1	1	0
 31125	2017-02-07 17:22:05	1	1	1	0
311337	2017-02-07 17:22:49	1	1	1	0
315002	2017-02-07 17:22:59	1	1	1	0
313002	2017-02-07 17:25:08	1	1	1	0
311325	2017-02-07 17:29:15	1	1	1	0
312081	2017-02-07 17:30:20	1	1	1	0
313057	2017-02-07 17:31:27	1	1	1	0
311057	2017-02-07 17:31:38	1	1	1	0
311340	2017-02-07 17:32:15	1	1	1	0
312026	2017-02-07 17:32:29	1	1	1	0
311301	2017-02-07 17:35:13	1	1	1	0
313097	2017-02-07 17:36:18	1	1	1	0
314022	2017-02-07 17:43:08	1	1	1	0
313081	2017-02-07 17:44:13	1	1	1	0
313025	2017-02-07 17:45:16	1	1	1	0
311222	2017-02-07 17:52:30	1	1	1	0
313011	2017-02-07 18:16:45	1	1	1	0
313051	2017-02-07 18:21:48	1	1	1	0
311219	2017-02-07 18:34:15	1	1	1	0
311219	2017-02-07 18:34:17	1	1	1	0
314006	2017-02-07 18:44:55	1	0	1	0
311005	2017-02-07 18:48:55	1	0	1	0
314020	2017-02-07 18:54:55	1	0	1	0
314020	2017-02-07 18:55:00	1	0	1	0
314021	2017-02-07 19:00:04	1	1	1	0
312077	2017-02-07 19:00:38	1	1	1	0
313120	2017-02-07 19:01:06	1	0	1	0
313126	2017-02-07 19:02:00	1	0	1	0
313073	2017-02-07 19:02:16	1	0	1	0
311004	2017-02-07 19:11:28	1	0	1	0
313119	2017-02-07 19:13:46	1	0	1	0
313119	2017-02-07 19:21:52	1	1	1	0
312089	2017-02-07 19:33:41	1	1	1	0
312078	2017-02-07 19:33:48	1	1	1	0
314016	2017-02-07 20:03:57	1	1	1	0
313098	2017-02-07 20:28:11	1	1	1	0
311090	2017-02-07 20:28:21	1	1	1	0
313036	2017-02-07 20:34:10	1	1	1	0
312084	2017-02-07 22:12:02	1	1	1	0
313007	2017-02-07 22:29:28	1	1	1	0
312057	2017-02-07 22:43:43	1	1	1	0
312085	2017-02-07 22:43:56	1	1	1	0
312071	2017-02-07 22:44:00	1	1	1	0
312023	2017-02-07 22:45:58	1	1	1	0
313013	2017-02-07 23:44:45	1	1	1	0
313063	2017-02-08 00:42:47	1	1	1	0
313106	2017-02-08 00:43:23	1	1	1	0
313135	2017-02-08 00:49:06	1	1	1	0
313096	2017-02-08 00:49:10	1	1	1	0
313133	2017-02-08 00:49:17	1	1	1	0
313001	2017-02-08 00:49:39	1	1	1	0
313094	2017-02-08 00:49:54	1	1	1	0
313126	2017-02-08 04:29:27	1	1	1	0
313009	2017-02-08 06:30:55	1	0	1	0
314017	2017-02-08 06:32:41	1	0	1	0
313021	2017-02-08 06:40:25	1	0	1	0
314018	2017-02-08 06:41:18	1	0	1	0
313012	2017-02-08 06:48:21	1	0	1	0
314019	2017-02-08 06:49:00	1	0	1	0
314019	2017-02-08 06:49:04	1	0	1	0
314009	2017-02-08 06:52:33	1	0	1	0
313060	2017-02-08 06:55:05	1	0	1	0
314006	2017-02-08 07:00:38	1	1	1	0
314020	2017-02-08 07:00:45	1	1	1	0
314020	2017-02-08 07:00:49	1	1	1	0
313022	2017-02-08 07:01:05	1	0	1	0
313017	2017-02-08 07:01:31	1	0	1	0
313130	2017-02-08 07:04:50	1	0	1	0
313011	2017-02-08 07:06:54	1	0	1	0
313006	2017-02-08 07:06:56	1	0	1	0
313032	2017-02-08 07:07:02	1	0	1	0
313023	2017-02-08 07:07:44	1	0	1	0
313007	2017-02-08 07:11:38	1	0	1	0
313090	2017-02-08 07:12:30	1	0	1	0
313014	2017-02-08 07:13:55	1	0	1	0
313014	2017-02-08 07:14:42	1	0	1	0
313048	2017-02-08 07:16:11	1	0	1	0
313116	2017-02-08 07:23:37	1	0	1	0
313051	2017-02-08 07:23:59	1	0	1	0
313042	2017-02-08 07:25:24	1	0	1	0
313002	2017-02-08 07:25:32	1	0	1	0
313095	2017-02-08 07:28:19	1	0	1	0
311090	2017-02-08 07:30:47	1	0	1	0
313141	2017-02-08 07:31:30	1	0	1	0
313081	2017-02-08 07:37:33	1	0	1	0
311232	2017-02-08 07:37:45	1	0	1	0
312088	2017-02-08 07:44:17	1	0	1	0
312070	2017-02-08 07:44:53	1	0	1	0
311334	2017-02-08 07:45:38	1	0	1	0
312090	2017-02-08 07:45:56	1	0	1	0
311333	2017-02-08 07:46:25	1	0	1	0
311340	2017-02-08 07:46:32	1	0	1	0
312089	2017-02-08 07:46:48	1	0	1	0
311038	2017-02-08 07:50:13	1	0	1	0
312075	2017-02-08 07:51:03	1	0	1	0
311301	2017-02-08 07:51:09	1	0	1	0
311219	2017-02-08 07:51:12	1	0	1	0
311211	2017-02-08 07:52:05	1	0	1	0
312087	2017-02-08 07:52:56	1	0	1	0
312026	2017-02-08 07:54:13	1	0	1	0
311328	2017-02-08 07:54:35	1	0	1	0
312020	2017-02-08 07:55:29	1	0	1	0
312041	2017-02-08 07:55:46	1	0	1	0
311004	2017-02-08 07:56:05	1	0	1	0
311222	2017-02-08 07:56:12	1	0	1	0
313097	2017-02-08 07:56:36	1	0	1	0
311018	2017-02-08 07:57:00	1	0	1	0
311325	2017-02-08 07:57:27	1	0	1	0
312081	2017-02-08 07:57:39	1	0	1	0
311345	2017-02-08 07:57:50	1	0	1	0
311018	2017-02-08 07:58:10	1	0	1	0
311337	2017-02-08 07:59:09	1	0	1	0
315002	2017-02-08 07:59:50	1	0	1	0
313025	2017-02-08 08:00:37	1	0	1	0
311089	2017-02-08 08:01:39	1	0	1	0
311098	2017-02-08 08:07:02	1	0	1	0
311329	2017-02-08 08:07:59	1	0	1	0
311057	2017-02-08 08:10:26	1	0	1	0
311341	2017-02-08 08:10:33	1	0	1	0
312077	2017-02-08 08:13:44	1	0	1	0
313108	2017-02-08 08:14:19	1	0	1	0
313058	2017-02-08 08:15:40	1	0	1	0
311083	2017-02-08 08:19:10	1	0	1	0
313057	2017-02-08 08:19:24	1	0	1	0
314022	2017-02-08 08:19:35	1	0	1	0
312066	2017-02-08 08:20:58	1	0	1	0
311336	2017-02-08 08:21:24	1	0	1	0
311191	2017-02-08 08:40:42	1	0	1	0
313036	2017-02-08 09:24:36	1	0	1	0
313098	2017-02-08 09:41:46	1	0	1	0
312078	2017-02-08 10:53:46	1	0	1	0
312071	2017-02-08 11:11:53	1	0	1	0
314016	2017-02-08 11:37:18	1	0	1	0
312085	2017-02-08 12:06:17	1	0	1	0
312084	2017-02-08 12:13:22	1	0	1	0
312023	2017-02-08 12:18:37	1	0	1	0
312057	2017-02-08 12:44:38	1	0	1	0
313007	2017-02-08 13:06:31	1	1	1	0
313050	2017-02-08 13:08:51	1	1	1	0
313032	2017-02-08 13:09:42	1	1	1	0
313116	2017-02-08 13:34:07	1	1	1	0
313090	2017-02-08 13:37:25	1	1	1	0
314017	2017-02-08 14:24:20	1	1	1	0
313017	2017-02-08 14:29:19	1	1	1	0
313048	2017-02-08 14:33:54	1	1	1	0
313023	2017-02-08 14:38:59	1	1	1	0
313060	2017-02-08 14:40:26	1	1	1	0
313012	2017-02-08 15:13:06	1	1	1	0
313051	2017-02-08 15:35:02	1	1	1	0
313042	2017-02-08 15:35:53	1	1	1	0
313011	2017-02-08 15:36:53	1	1	1	0
313095	2017-02-08 15:45:28	1	1	1	0
313135	2017-02-08 15:51:19	1	0	1	0
313133	2017-02-08 15:51:38	1	0	1	0
313094	2017-02-08 15:53:11	1	0	1	0
311038	2017-02-08 16:02:57	1	1	1	0
313013	2017-02-08 16:11:24	1	0	1	0
313130	2017-02-08 16:13:58	1	1	1	0
 31125	2017-02-08 16:15:01	1	1	1	0
313081	2017-02-08 16:15:10	1	1	1	0
313001	2017-02-08 16:23:23	1	1	1	0
313096	2017-02-08 16:27:39	1	1	1	0
313141	2017-02-08 16:42:37	1	1	1	0
311232	2017-02-08 16:42:43	1	1	1	0
313058	2017-02-08 16:42:47	1	1	1	0
313007	2017-02-08 16:43:13	1	0	1	0
313106	2017-02-08 16:43:27	1	0	1	0
312070	2017-02-08 16:48:19	1	0	1	0
311211	2017-02-08 16:48:27	1	0	1	0
313108	2017-02-08 16:48:45	1	0	1	0
311191	2017-02-08 16:55:04	1	1	1	0
312026	2017-02-08 17:01:01	1	1	1	0
312075	2017-02-08 17:01:06	1	1	1	0
312087	2017-02-08 17:01:12	1	1	1	0
312088	2017-02-08 17:03:23	1	1	1	0
312041	2017-02-08 17:04:04	1	1	1	0
312020	2017-02-08 17:04:24	1	1	1	0
313006	2017-02-08 17:10:11	1	1	1	0
312066	2017-02-08 17:11:37	1	1	1	0
311222	2017-02-08 17:17:29	1	1	1	0
312081	2017-02-08 17:18:17	1	1	1	0
315002	2017-02-08 17:19:15	1	1	1	0
312090	2017-02-08 17:20:11	1	1	1	0
311219	2017-02-08 17:20:51	1	1	1	0
311345	2017-02-08 17:20:56	1	1	1	0
311328	2017-02-08 17:21:01	1	1	1	0
311334	2017-02-08 17:21:08	1	1	1	0
311334	2017-02-08 17:21:11	1	1	1	0
311301	2017-02-08 17:21:15	1	1	1	0
311337	2017-02-08 17:22:12	1	1	1	0
311340	2017-02-08 17:22:19	1	1	1	0
314022	2017-02-08 17:22:24	1	1	1	0
311098	2017-02-08 17:22:44	1	1	1	0
311333	2017-02-08 17:22:55	1	1	1	0
311023	2017-02-08 17:23:06	1	1	1	0
313057	2017-02-08 17:24:14	1	1	1	0
313002	2017-02-08 17:24:42	1	1	1	0
313009	2017-02-08 17:25:02	1	1	1	0
314009	2017-02-08 17:32:23	1	1	1	0
311057	2017-02-08 17:33:24	1	1	1	0
311018	2017-02-08 17:36:06	1	1	1	0
312077	2017-02-08 17:36:18	1	1	1	0
311341	2017-02-08 17:36:38	1	1	1	0
313097	2017-02-08 17:42:13	1	1	1	0
311083	2017-02-08 18:03:11	1	1	1	0
313025	2017-02-08 18:08:18	1	1	1	0
311325	2017-02-08 18:15:20	1	1	1	0
311089	2017-02-08 18:20:37	1	1	1	0
311089	2017-02-08 18:22:04	1	1	1	0
311329	2017-02-08 18:31:05	1	1	1	0
313022	2017-02-08 18:31:45	1	1	1	0
313021	2017-02-08 18:32:18	1	1	1	0
313014	2017-02-08 18:33:27	1	1	1	0
314006	2017-02-08 18:49:33	1	0	1	0
313120	2017-02-08 19:03:53	1	0	1	0
314019	2017-02-08 19:05:40	1	1	1	0
313126	2017-02-08 19:09:08	1	0	1	0
313119	2017-02-08 19:09:50	1	0	1	0
314018	2017-02-08 19:10:10	1	0	1	0
312085	2017-02-08 19:10:35	1	1	1	0
311336	2017-02-08 19:11:17	1	1	1	0
312089	2017-02-08 19:17:12	1	1	1	0
312089	2017-02-08 19:24:09	1	1	1	0
313098	2017-02-08 19:37:33	1	1	1	0
312078	2017-02-08 19:39:11	1	1	1	0
311004	2017-02-08 20:01:09	1	1	1	0
314016	2017-02-08 20:16:17	1	1	1	0
311090	2017-02-08 20:18:25	1	1	1	0
313073	2017-02-08 21:12:10	1	0	1	0
312057	2017-02-08 21:24:38	1	1	1	0
312023	2017-02-08 21:48:39	1	1	1	0
312084	2017-02-08 21:48:46	1	1	1	0
313007	2017-02-08 21:51:11	1	1	1	0
312071	2017-02-08 21:51:18	1	1	1	0
313013	2017-02-08 22:09:40	1	1	1	0
313063	2017-02-09 01:03:44	1	1	1	0
313106	2017-02-09 01:03:46	1	1	1	0
313096	2017-02-09 01:03:54	1	1	1	0
313135	2017-02-09 01:05:38	1	1	1	0
313133	2017-02-09 01:06:03	1	1	1	0
313001	2017-02-09 01:08:08	1	1	1	0
313094	2017-02-09 01:08:13	1	1	1	0
313073	2017-02-09 04:30:29	1	1	1	0
313009	2017-02-09 06:07:57	1	0	1	0
314008	2017-02-09 06:17:19	1	0	1	0
314017	2017-02-09 06:21:30	1	0	1	0
313119	2017-02-09 06:30:44	1	1	1	0
314019	2017-02-09 06:48:42	1	0	1	0
313012	2017-02-09 06:50:50	1	0	1	0
313007	2017-02-09 06:56:04	1	0	1	0
314009	2017-02-09 06:58:14	1	0	1	0
313021	2017-02-09 06:59:39	1	0	1	0
313050	2017-02-09 07:00:42	1	0	1	0
314006	2017-02-09 07:01:05	1	1	1	0
313090	2017-02-09 07:02:13	1	0	1	0
313023	2017-02-09 07:02:29	1	0	1	0
313014	2017-02-09 07:03:49	1	0	1	0
313130	2017-02-09 07:06:54	1	0	1	0
313032	2017-02-09 07:07:23	1	0	1	0
313006	2017-02-09 07:09:46	1	0	1	0
313011	2017-02-09 07:09:50	1	0	1	0
313060	2017-02-09 07:11:47	1	0	1	0
313048	2017-02-09 07:12:27	1	0	1	0
313022	2017-02-09 07:14:37	1	0	1	0
313116	2017-02-09 07:21:43	1	0	1	0
313051	2017-02-09 07:22:43	1	0	1	0
313141	2017-02-09 07:27:38	1	0	1	0
313081	2017-02-09 07:34:10	1	0	1	0
311004	2017-02-09 07:34:24	1	0	1	0
313042	2017-02-09 07:38:01	1	0	1	0
311090	2017-02-09 07:39:48	1	0	1	0
312026	2017-02-09 07:40:07	1	0	1	0
313002	2017-02-09 07:40:39	1	0	1	0
312090	2017-02-09 07:43:50	1	0	1	0
311325	2017-02-09 07:44:19	1	0	1	0
313095	2017-02-09 07:45:43	1	0	1	0
312075	2017-02-09 07:46:29	1	0	1	0
311232	2017-02-09 07:46:37	1	0	1	0
311057	2017-02-09 07:49:08	1	0	1	0
311337	2017-02-09 07:49:47	1	0	1	0
312070	2017-02-09 07:49:56	1	0	1	0
313097	2017-02-09 07:50:05	1	0	1	0
311333	2017-02-09 07:50:32	1	0	1	0
312088	2017-02-09 07:50:47	1	0	1	0
311038	2017-02-09 07:50:55	1	0	1	0
311340	2017-02-09 07:51:03	1	0	1	0
311334	2017-02-09 07:51:13	1	0	1	0
311334	2017-02-09 07:51:17	1	0	1	0
312089	2017-02-09 07:51:53	1	0	1	0
312087	2017-02-09 07:52:05	1	0	1	0
311301	2017-02-09 07:55:33	1	0	1	0
312081	2017-02-09 07:55:46	1	0	1	0
 31125	2017-02-09 07:57:13	1	0	1	0
315002	2017-02-09 07:58:25	1	0	1	0
311211	2017-02-09 07:59:17	1	0	1	0
311345	2017-02-09 07:59:36	1	0	1	0
312041	2017-02-09 07:59:40	1	0	1	0
311005	2017-02-09 08:00:30	1	0	1	0
311005	2017-02-09 08:00:55	1	0	1	0
311191	2017-02-09 08:03:08	1	0	1	0
313108	2017-02-09 08:03:58	1	0	1	0
311222	2017-02-09 08:04:55	1	0	1	0
311089	2017-02-09 08:05:36	1	0	1	0
311219	2017-02-09 08:08:07	1	0	1	0
311098	2017-02-09 08:08:48	1	0	1	0
311018	2017-02-09 08:09:37	1	0	1	0
311336	2017-02-09 08:10:24	1	0	1	0
313025	2017-02-09 08:10:31	1	0	1	0
311341	2017-02-09 08:12:14	1	0	1	0
312020	2017-02-09 08:13:38	1	0	1	0
311023	2017-02-09 08:16:04	1	0	1	0
313058	2017-02-09 08:18:42	1	0	1	0
312066	2017-02-09 08:20:18	1	0	1	0
312077	2017-02-09 08:23:33	1	0	1	0
314022	2017-02-09 08:24:22	1	0	1	0
311083	2017-02-09 08:27:48	1	0	1	0
311329	2017-02-09 08:28:01	1	0	1	0
311053	2017-02-09 08:35:21	1	0	1	0
313007	2017-02-09 09:00:22	1	1	1	0
313036	2017-02-09 09:32:03	1	0	1	0
312085	2017-02-09 11:26:47	1	0	1	0
312023	2017-02-09 11:29:53	1	0	1	0
312071	2017-02-09 11:46:02	1	0	1	0
314016	2017-02-09 12:05:45	1	0	1	0
312084	2017-02-09 12:44:14	1	0	1	0
312057	2017-02-09 12:51:29	1	0	1	0
313009	2017-02-09 13:54:15	1	0	1	0
313094	2017-02-09 13:57:00	1	0	1	0
313007	2017-02-09 14:12:52	1	0	1	0
313006	2017-02-09 14:19:04	1	0	1	0
313006	2017-02-09 14:19:09	1	1	1	0
313090	2017-02-09 14:20:19	1	1	1	0
313021	2017-02-09 14:20:26	1	1	1	0
313011	2017-02-09 14:22:34	1	1	1	0
313106	2017-02-09 14:25:11	1	0	1	0
313051	2017-02-09 14:26:41	1	1	1	0
313032	2017-02-09 14:38:34	1	1	1	0
313022	2017-02-09 14:40:29	1	1	1	0
313014	2017-02-09 14:40:34	1	1	1	0
314017	2017-02-09 14:53:32	1	1	1	0
313050	2017-02-09 15:04:33	1	1	1	0
313058	2017-02-09 15:05:23	1	1	1	0
311038	2017-02-09 15:40:23	1	1	1	0
313012	2017-02-09 15:41:15	1	1	1	0
313063	2017-02-09 15:48:15	1	0	1	0
313081	2017-02-09 15:50:35	1	1	1	0
313135	2017-02-09 15:52:17	1	0	1	0
313133	2017-02-09 15:52:31	1	0	1	0
313048	2017-02-09 16:08:42	1	1	1	0
 31125	2017-02-09 16:08:49	1	1	1	0
311341	2017-02-09 16:09:33	1	1	1	0
313130	2017-02-09 16:15:30	1	1	1	0
313013	2017-02-09 16:20:41	1	0	1	0
313141	2017-02-09 16:21:58	1	0	1	0
311232	2017-02-09 16:24:13	1	0	1	0
311191	2017-02-09 16:25:29	1	1	1	0
311191	2017-02-09 16:25:36	1	1	1	0
311191	2017-02-09 16:26:13	1	1	1	0
313001	2017-02-09 16:28:37	1	1	1	0
313108	2017-02-09 16:40:24	1	1	1	0
312070	2017-02-09 16:45:52	1	1	1	0
311211	2017-02-09 16:46:37	1	1	1	0
314009	2017-02-09 16:54:17	1	1	1	0
312089	2017-02-09 17:01:08	1	1	1	0
312075	2017-02-09 17:02:28	1	1	1	0
312087	2017-02-09 17:02:33	1	1	1	0
312026	2017-02-09 17:02:37	1	1	1	0
312088	2017-02-09 17:03:43	1	1	1	0
313116	2017-02-09 17:03:47	1	1	1	0
312041	2017-02-09 17:05:03	1	1	1	0
315002	2017-02-09 17:05:06	1	1	1	0
311345	2017-02-09 17:05:40	1	1	1	0
311098	2017-02-09 17:07:59	1	1	1	0
313002	2017-02-09 17:09:29	1	1	1	0
311023	2017-02-09 17:09:57	1	1	1	0
311301	2017-02-09 17:11:12	1	1	1	0
311334	2017-02-09 17:11:19	1	1	1	0
311334	2017-02-09 17:11:23	1	1	1	0
311334	2017-02-09 17:13:30	1	1	1	0
312020	2017-02-09 17:17:46	1	1	1	0
313042	2017-02-09 17:19:51	1	1	1	0
311329	2017-02-09 17:22:02	1	1	1	0
311219	2017-02-09 17:22:06	1	1	1	0
311219	2017-02-09 17:22:12	1	1	1	0
311057	2017-02-09 17:25:32	1	1	1	0
314022	2017-02-09 17:26:34	1	1	1	0
311083	2017-02-09 17:26:39	1	1	1	0
311340	2017-02-09 17:26:54	1	1	1	0
312090	2017-02-09 17:27:37	1	1	1	0
311222	2017-02-09 17:28:35	1	1	1	0
312066	2017-02-09 17:29:20	1	1	1	0
313097	2017-02-09 17:31:32	1	1	1	0
311337	2017-02-09 17:32:50	1	1	1	0
313057	2017-02-09 17:40:01	1	1	1	0
311018	2017-02-09 17:41:28	1	1	1	0
312077	2017-02-09 17:43:21	1	1	1	0
313095	2017-02-09 17:44:01	1	1	1	0
311333	2017-02-09 17:45:57	1	1	1	0
313060	2017-02-09 17:56:16	1	1	1	0
313023	2017-02-09 18:06:03	1	1	1	0
313025	2017-02-09 18:09:27	1	1	1	0
311325	2017-02-09 18:09:38	1	1	1	0
311089	2017-02-09 18:16:39	1	1	1	0
311336	2017-02-09 18:28:35	1	1	1	0
311004	2017-02-09 18:37:11	1	1	1	0
314018	2017-02-09 18:57:28	1	1	1	0
314018	2017-02-09 18:57:35	1	0	1	0
314021	2017-02-09 18:59:59	1	0	1	0
314008	2017-02-09 19:00:39	1	1	1	0
313036	2017-02-09 19:03:51	1	1	1	0
313120	2017-02-09 19:04:15	1	0	1	0
313120	2017-02-09 19:04:17	1	0	1	0
314019	2017-02-09 19:04:41	1	1	1	0
313126	2017-02-09 19:08:17	1	0	1	0
313119	2017-02-09 19:54:33	1	1	1	0
312081	2017-02-09 20:01:05	1	1	1	0
311005	2017-02-09 20:39:14	1	1	1	0
313073	2017-02-09 20:51:05	1	0	1	0
311090	2017-02-09 21:16:21	1	1	1	0
314016	2017-02-09 21:57:19	1	1	1	0
312023	2017-02-09 21:58:22	1	1	1	0
312084	2017-02-09 22:01:04	1	1	1	0
312085	2017-02-09 22:01:09	1	1	1	0
312057	2017-02-09 22:01:32	1	1	1	0
312071	2017-02-09 22:04:32	1	1	1	0
313007	2017-02-09 22:34:02	1	1	1	0
313106	2017-02-10 01:21:36	1	1	1	0
313135	2017-02-10 01:26:44	1	1	1	0
313133	2017-02-10 01:26:59	1	1	1	0
313094	2017-02-10 01:27:11	1	1	1	0
313001	2017-02-10 01:27:27	1	1	1	0
313094	2017-02-10 01:27:51	1	1	1	0
313073	2017-02-10 04:07:16	1	1	1	0
313009	2017-02-10 06:15:20	1	0	1	0
314008	2017-02-10 06:23:04	1	0	1	0
314020	2017-02-10 06:49:57	1	0	1	0
314020	2017-02-10 06:50:01	1	0	1	0
314018	2017-02-10 06:52:57	1	1	1	0
313012	2017-02-10 06:53:44	1	0	1	0
313023	2017-02-10 06:57:05	1	0	1	0
313032	2017-02-10 06:58:23	1	0	1	0
314009	2017-02-10 07:03:16	1	0	1	0
313048	2017-02-10 07:03:24	1	0	1	0
313021	2017-02-10 07:04:58	1	0	1	0
313050	2017-02-10 07:06:58	1	0	1	0
313014	2017-02-10 07:07:08	1	0	1	0
313130	2017-02-10 07:08:14	1	0	1	0
313007	2017-02-10 07:11:51	1	0	1	0
313006	2017-02-10 07:12:49	1	0	1	0
313011	2017-02-10 07:12:55	1	0	1	0
313060	2017-02-10 07:17:32	1	0	1	0
313120	2017-02-10 07:17:39	1	1	1	0
313022	2017-02-10 07:19:59	1	0	1	0
313090	2017-02-10 07:20:07	1	0	1	0
311219	2017-02-10 07:24:49	1	0	1	0
313051	2017-02-10 07:28:20	1	0	1	0
313141	2017-02-10 07:28:36	1	0	1	0
313141	2017-02-10 07:28:38	1	0	1	0
313095	2017-02-10 07:30:44	1	0	1	0
313116	2017-02-10 07:33:33	1	0	1	0
311090	2017-02-10 07:33:43	1	0	1	0
311090	2017-02-10 07:33:47	1	0	1	0
313081	2017-02-10 07:37:36	1	0	1	0
311057	2017-02-10 07:43:47	1	0	1	0
311340	2017-02-10 07:44:56	1	0	1	0
312088	2017-02-10 07:45:36	1	0	1	0
312075	2017-02-10 07:45:50	1	0	1	0
311089	2017-02-10 07:45:57	1	0	1	0
311334	2017-02-10 07:48:51	1	0	1	0
311334	2017-02-10 07:48:55	1	0	1	0
312081	2017-02-10 07:50:23	1	0	1	0
311232	2017-02-10 07:51:44	1	0	1	0
312089	2017-02-10 07:51:59	1	0	1	0
311333	2017-02-10 07:52:27	1	0	1	0
312090	2017-02-10 07:53:00	1	0	1	0
312026	2017-02-10 07:54:21	1	0	1	0
313002	2017-02-10 07:55:04	1	0	1	0
315002	2017-02-10 07:55:54	1	0	1	0
312041	2017-02-10 07:56:51	1	0	1	0
311337	2017-02-10 07:57:00	1	0	1	0
312087	2017-02-10 07:57:08	1	0	1	0
311004	2017-02-10 07:57:38	1	0	1	0
311345	2017-02-10 07:57:45	1	0	1	0
311301	2017-02-10 07:59:05	1	0	1	0
312070	2017-02-10 07:59:18	1	0	1	0
311211	2017-02-10 08:00:22	1	0	1	0
311211	2017-02-10 08:00:24	1	0	1	0
311325	2017-02-10 08:03:46	1	0	1	0
313097	2017-02-10 08:04:34	1	0	1	0
311329	2017-02-10 08:04:48	1	0	1	0
311038	2017-02-10 08:05:43	1	0	1	0
311018	2017-02-10 08:07:09	1	0	1	0
311191	2017-02-10 08:09:00	1	0	1	0
311005	2017-02-10 08:11:15	1	0	1	0
311341	2017-02-10 08:12:35	1	0	1	0
311336	2017-02-10 08:13:21	1	0	1	0
312020	2017-02-10 08:14:35	1	0	1	0
311083	2017-02-10 08:15:20	1	0	1	0
313025	2017-02-10 08:15:25	1	0	1	0
313058	2017-02-10 08:15:47	1	0	1	0
313108	2017-02-10 08:16:13	1	0	1	0
311098	2017-02-10 08:18:56	1	0	1	0
311328	2017-02-10 08:19:06	1	0	1	0
313057	2017-02-10 08:22:52	1	0	1	0
311222	2017-02-10 08:24:00	1	0	1	0
312066	2017-02-10 08:24:26	1	0	1	0
312023	2017-02-10 08:38:24	1	0	1	0
313007	2017-02-10 08:43:35	1	1	1	0
 31125	2017-02-10 08:53:25	1	1	1	0
313036	2017-02-10 09:43:06	1	0	1	0
312078	2017-02-10 10:40:21	1	0	1	0
312084	2017-02-10 11:20:44	1	0	1	0
312071	2017-02-10 11:22:16	1	0	1	0
314016	2017-02-10 11:24:28	1	0	1	0
312085	2017-02-10 11:27:18	1	0	1	0
312057	2017-02-10 12:58:36	1	0	1	0
313060	2017-02-10 14:08:20	1	0	1	0
313011	2017-02-10 14:26:51	1	1	1	0
313023	2017-02-10 14:27:53	1	1	1	0
313051	2017-02-10 14:28:20	1	1	1	0
313116	2017-02-10 14:30:41	1	1	1	0
313032	2017-02-10 14:33:28	1	1	1	0
313050	2017-02-10 15:15:21	1	1	1	0
313106	2017-02-10 15:32:42	1	0	1	0
313135	2017-02-10 15:37:09	1	0	1	0
313133	2017-02-10 15:37:21	1	0	1	0
313081	2017-02-10 15:52:08	1	1	1	0
313094	2017-02-10 15:57:42	1	0	1	0
311038	2017-02-10 16:01:40	1	1	1	0
313130	2017-02-10 16:09:08	1	1	1	0
313013	2017-02-10 16:14:12	1	0	1	0
313001	2017-02-10 16:16:05	1	0	1	0
313012	2017-02-10 16:18:36	1	0	1	0
313012	2017-02-10 16:18:58	1	1	1	0
313095	2017-02-10 16:21:46	1	1	1	0
313096	2017-02-10 16:24:10	1	1	1	0
313021	2017-02-10 16:27:04	1	1	1	0
311219	2017-02-10 16:36:09	1	1	1	0
311219	2017-02-10 16:36:12	1	1	1	0
311023	2017-02-10 16:42:23	1	1	1	0
311098	2017-02-10 16:42:29	1	1	1	0
311098	2017-02-10 16:43:33	1	1	1	0
312070	2017-02-10 16:44:44	1	1	1	0
311333	2017-02-10 16:44:55	1	1	1	0
311211	2017-02-10 16:45:02	1	1	1	0
311211	2017-02-10 16:45:04	1	1	1	0
311083	2017-02-10 16:47:16	1	1	1	0
313090	2017-02-10 16:47:55	1	1	1	0
312026	2017-02-10 16:47:59	1	1	1	0
312075	2017-02-10 16:48:05	1	1	1	0
312087	2017-02-10 16:48:14	1	1	1	0
314009	2017-02-10 16:48:48	1	1	1	0
313007	2017-02-10 16:48:59	1	0	1	0
312088	2017-02-10 16:49:06	1	0	1	0
311232	2017-02-10 16:49:33	1	4	1	0
312088	2017-02-10 16:49:50	1	4	1	0
312041	2017-02-10 16:50:26	1	1	1	0
311345	2017-02-10 16:53:28	1	1	1	0
311334	2017-02-10 16:53:32	1	1	1	0
311334	2017-02-10 16:53:36	1	1	1	0
311328	2017-02-10 16:53:45	1	1	1	0
311301	2017-02-10 16:53:59	1	1	1	0
312090	2017-02-10 17:00:06	1	1	1	0
312089	2017-02-10 17:00:26	1	1	1	0
312020	2017-02-10 17:08:55	1	1	1	0
313097	2017-02-10 17:09:43	1	1	1	0
312066	2017-02-10 17:10:20	1	1	1	0
313048	2017-02-10 17:20:45	1	1	1	0
311337	2017-02-10 17:22:01	1	1	1	0
313006	2017-02-10 17:26:48	1	1	1	0
313022	2017-02-10 17:26:53	1	1	1	0
313014	2017-02-10 17:27:06	1	1	1	0
313009	2017-02-10 17:27:32	1	1	1	0
311191	2017-02-10 17:31:10	1	1	1	0
313108	2017-02-10 17:36:45	1	1	1	0
313141	2017-02-10 17:37:03	1	1	1	0
313058	2017-02-10 17:42:24	1	1	1	0
311057	2017-02-10 17:42:48	1	1	1	0
313025	2017-02-10 17:43:37	1	1	1	0
311018	2017-02-10 17:47:31	1	1	1	0
311018	2017-02-10 17:47:42	1	1	1	0
315002	2017-02-10 17:50:43	1	1	1	0
311325	2017-02-10 17:51:54	1	1	1	0
313057	2017-02-10 17:57:06	1	1	1	0
311329	2017-02-10 18:00:36	1	1	1	0
311340	2017-02-10 18:05:45	1	1	1	0
311222	2017-02-10 18:22:24	1	1	1	0
311089	2017-02-10 18:26:25	1	1	1	0
311341	2017-02-10 18:28:08	1	1	1	0
313002	2017-02-10 18:31:15	1	1	1	0
311336	2017-02-10 18:33:45	1	1	1	0
 31125	2017-02-10 18:44:20	1	1	1	0
314019	2017-02-10 18:44:47	1	0	1	0
314019	2017-02-10 18:44:49	1	0	1	0
312081	2017-02-10 18:48:54	1	1	1	0
314021	2017-02-10 18:58:13	1	0	1	0
314021	2017-02-10 18:58:17	1	0	1	0
314020	2017-02-10 19:00:04	1	1	1	0
314020	2017-02-10 19:00:08	1	1	1	0
313120	2017-02-10 19:00:19	1	0	1	0
314008	2017-02-10 19:01:31	1	1	1	0
313126	2017-02-10 19:05:39	1	0	1	0
313119	2017-02-10 19:29:14	1	0	1	0
312078	2017-02-10 19:49:44	1	1	1	0
313073	2017-02-10 20:30:05	1	0	1	0
311005	2017-02-10 20:58:57	1	1	1	0
311004	2017-02-10 21:12:31	1	1	1	0
313036	2017-02-10 21:40:43	1	1	1	0
313007	2017-02-10 21:40:49	1	1	1	0
314016	2017-02-10 22:04:47	1	1	1	0
312023	2017-02-10 22:05:16	1	1	1	0
312023	2017-02-10 22:05:22	1	1	1	0
312057	2017-02-10 22:05:51	1	1	1	0
312084	2017-02-10 22:06:06	1	1	1	0
312071	2017-02-10 22:10:09	1	1	1	0
311090	2017-02-10 23:08:47	1	1	1	0
313013	2017-02-11 00:02:38	1	1	1	0
313135	2017-02-11 00:29:41	1	1	1	0
313133	2017-02-11 00:30:15	1	1	1	0
313094	2017-02-11 00:30:19	1	1	1	0
313063	2017-02-11 00:30:26	1	1	1	0
313096	2017-02-11 00:30:33	1	1	1	0
313106	2017-02-11 00:30:51	1	1	1	0
313001	2017-02-11 00:31:10	1	1	1	0
313126	2017-02-11 04:28:00	1	1	1	0
313073	2017-02-11 05:10:14	1	0	1	0
313073	2017-02-11 05:10:23	1	1	1	0
313119	2017-02-11 06:13:32	1	1	1	0
314017	2017-02-11 06:25:40	1	0	1	0
314017	2017-02-11 06:25:45	1	0	1	0
313009	2017-02-11 06:32:36	1	0	1	0
314020	2017-02-11 06:40:34	1	0	1	0
314020	2017-02-11 06:40:37	1	0	1	0
314006	2017-02-11 06:45:33	1	0	1	0
313021	2017-02-11 06:50:46	1	0	1	0
313012	2017-02-11 06:51:32	1	0	1	0
313032	2017-02-11 06:57:17	1	0	1	0
314021	2017-02-11 07:00:06	1	1	1	0
314021	2017-02-11 07:00:10	1	1	1	0
314019	2017-02-11 07:00:33	1	1	1	0
313023	2017-02-11 07:05:06	1	0	1	0
313014	2017-02-11 07:05:23	1	0	1	0
314009	2017-02-11 07:06:03	1	0	1	0
313011	2017-02-11 07:08:32	1	0	1	0
313060	2017-02-11 07:08:38	1	0	1	0
313007	2017-02-11 07:11:25	1	0	1	0
313130	2017-02-11 07:11:31	1	0	1	0
313048	2017-02-11 07:11:38	1	0	1	0
313090	2017-02-11 07:17:42	1	0	1	0
313097	2017-02-11 07:18:51	1	0	1	0
313050	2017-02-11 07:19:19	1	0	1	0
313022	2017-02-11 07:22:05	1	0	1	0
313116	2017-02-11 07:26:07	1	0	1	0
313051	2017-02-11 07:31:00	1	0	1	0
313141	2017-02-11 07:33:48	1	0	1	0
313081	2017-02-11 07:35:45	1	0	1	0
313042	2017-02-11 07:36:47	1	0	1	0
312090	2017-02-11 07:40:42	1	0	1	0
311337	2017-02-11 07:42:22	1	0	1	0
313002	2017-02-11 07:48:49	1	0	1	0
311232	2017-02-11 07:50:19	1	0	1	0
312089	2017-02-11 07:50:48	1	0	1	0
311340	2017-02-11 07:51:17	1	0	1	0
311345	2017-02-11 07:52:03	1	0	1	0
312087	2017-02-11 07:55:12	1	0	1	0
312075	2017-02-11 07:55:24	1	0	1	0
311334	2017-02-11 07:56:25	1	0	1	0
311334	2017-02-11 07:56:28	1	0	1	0
311325	2017-02-11 07:57:19	1	0	1	0
312026	2017-02-11 07:57:51	1	0	1	0
311090	2017-02-11 07:58:19	1	0	1	0
311090	2017-02-11 07:58:23	1	0	1	0
312070	2017-02-11 07:58:34	1	0	1	0
312088	2017-02-11 07:58:59	1	0	1	0
311211	2017-02-11 08:00:34	1	0	1	0
312041	2017-02-11 08:00:44	1	0	1	0
315002	2017-02-11 08:04:03	1	0	1	0
311333	2017-02-11 08:04:22	1	0	1	0
311018	2017-02-11 08:04:49	1	0	1	0
312077	2017-02-11 08:07:02	1	0	1	0
311328	2017-02-11 08:07:22	1	0	1	0
311089	2017-02-11 08:07:36	1	0	1	0
312081	2017-02-11 08:08:39	1	0	1	0
314022	2017-02-11 08:09:37	1	0	1	0
311329	2017-02-11 08:10:30	1	0	1	0
311038	2017-02-11 08:10:36	1	0	1	0
311301	2017-02-11 08:12:57	1	0	1	0
313025	2017-02-11 08:13:50	1	0	1	0
311098	2017-02-11 08:14:08	1	0	1	0
311219	2017-02-11 08:15:09	1	0	1	0
313058	2017-02-11 08:17:14	1	0	1	0
313057	2017-02-11 08:18:13	1	0	1	0
311057	2017-02-11 08:18:45	1	0	1	0
311191	2017-02-11 08:19:08	1	0	1	0
313108	2017-02-11 08:21:11	1	0	1	0
311336	2017-02-11 08:22:42	1	0	1	0
312066	2017-02-11 08:27:37	1	0	1	0
 31125	2017-02-11 08:30:44	1	0	1	0
313098	2017-02-11 10:32:00	1	0	1	0
313007	2017-02-11 10:33:29	1	1	1	0
312071	2017-02-11 10:49:22	1	1	1	0
312078	2017-02-11 11:10:19	1	0	1	0
312023	2017-02-11 11:28:12	1	0	1	0
312084	2017-02-11 11:41:11	1	0	1	0
312085	2017-02-11 11:58:10	1	0	1	0
311066	2017-02-11 12:02:42	1	0	1	0
313036	2017-02-11 12:07:50	1	0	1	0
312057	2017-02-11 12:25:39	1	0	1	0
313050	2017-02-11 12:34:27	1	1	1	0
313126	2017-02-11 12:37:08	1	0	1	0
311219	2017-02-11 12:40:49	1	0	1	0
313032	2017-02-11 12:45:44	1	1	1	0
311345	2017-02-11 13:13:54	1	1	1	0
311328	2017-02-11 13:14:00	1	1	1	0
313042	2017-02-11 13:23:20	1	1	1	0
311301	2017-02-11 13:31:03	1	1	1	0
311334	2017-02-11 13:31:09	1	1	1	0
311334	2017-02-11 13:31:12	1	1	1	0
313063	2017-02-11 13:37:19	1	0	1	0
311333	2017-02-11 13:37:29	1	0	1	0
313135	2017-02-11 13:45:20	1	0	1	0
313133	2017-02-11 13:45:33	1	0	1	0
311098	2017-02-11 13:45:54	1	0	1	0
311023	2017-02-11 13:46:00	1	0	1	0
312070	2017-02-11 13:51:36	1	0	1	0
312070	2017-02-11 13:51:43	1	1	1	0
311211	2017-02-11 13:52:02	1	1	1	0
311211	2017-02-11 13:52:04	1	1	1	0
313094	2017-02-11 13:57:50	1	0	1	0
312026	2017-02-11 13:58:16	1	0	1	0
312026	2017-02-11 13:58:35	1	1	1	0
312075	2017-02-11 13:58:40	1	1	1	0
312087	2017-02-11 13:59:06	1	1	1	0
312041	2017-02-11 14:09:38	1	1	1	0
313081	2017-02-11 14:13:55	1	1	1	0
312066	2017-02-11 14:15:03	1	1	1	0
312090	2017-02-11 14:15:48	1	1	1	0
313013	2017-02-11 14:17:04	1	0	1	0
313130	2017-02-11 14:21:05	1	1	1	0
313106	2017-02-11 14:23:27	1	0	1	0
314022	2017-02-11 14:23:46	1	1	1	0
311337	2017-02-11 14:25:51	1	1	1	0
311083	2017-02-11 14:26:27	1	1	1	0
311004	2017-02-11 14:27:51	1	1	1	0
315002	2017-02-11 14:28:13	1	1	1	0
311340	2017-02-11 14:28:30	1	1	1	0
312088	2017-02-11 14:31:27	1	1	1	0
311336	2017-02-11 14:31:29	1	1	1	0
311038	2017-02-11 14:33:03	1	1	1	0
313012	2017-02-11 14:41:45	1	1	1	0
313025	2017-02-11 14:42:30	1	1	1	0
314009	2017-02-11 14:43:57	1	1	1	0
311232	2017-02-11 14:45:37	1	1	1	0
313141	2017-02-11 14:57:44	1	1	1	0
312081	2017-02-11 15:03:59	1	1	1	0
314017	2017-02-11 15:04:35	1	1	1	0
311018	2017-02-11 15:08:50	1	1	1	0
312089	2017-02-11 15:09:04	1	1	1	0
311191	2017-02-11 15:09:16	1	1	1	0
311325	2017-02-11 15:25:25	1	1	1	0
311329	2017-02-11 15:46:31	1	1	1	0
313116	2017-02-11 15:58:18	1	1	1	0
313058	2017-02-11 16:00:49	1	1	1	0
313057	2017-02-11 16:01:06	1	1	1	0
311057	2017-02-11 16:01:30	1	1	1	0
311089	2017-02-11 16:02:30	1	1	1	0
311222	2017-02-11 16:02:40	1	1	1	0
313097	2017-02-11 16:07:51	1	1	1	0
312077	2017-02-11 16:08:06	1	1	1	0
311005	2017-02-11 16:09:02	1	1	1	0
313090	2017-02-11 16:18:55	1	1	1	0
311066	2017-02-11 16:24:28	1	1	1	0
313060	2017-02-11 16:34:39	1	1	1	0
313021	2017-02-11 16:36:14	1	1	1	0
313023	2017-02-11 16:37:34	1	1	1	0
313017	2017-02-11 16:41:03	1	1	1	0
313017	2017-02-11 16:41:10	1	1	1	0
311090	2017-02-11 17:01:09	1	1	1	0
313009	2017-02-11 17:02:01	1	1	1	0
313002	2017-02-11 17:07:34	1	1	1	0
313048	2017-02-11 17:08:44	1	1	1	0
313022	2017-02-11 17:10:32	1	1	1	0
313014	2017-02-11 17:10:37	1	1	1	0
313011	2017-02-11 17:59:15	1	1	1	0
313051	2017-02-11 18:05:51	1	1	1	0
313098	2017-02-11 18:25:47	1	1	1	0
313036	2017-02-11 18:25:55	1	1	1	0
314008	2017-02-11 18:31:51	1	0	1	0
314008	2017-02-11 18:36:21	1	0	1	0
313073	2017-02-11 18:46:42	1	0	1	0
313063	2017-02-11 18:57:30	1	0	1	0
313063	2017-02-11 18:57:37	1	1	1	0
313135	2017-02-11 18:59:34	1	1	1	0
313106	2017-02-11 19:00:32	1	1	1	0
313007	2017-02-11 19:00:50	1	1	1	0
313133	2017-02-11 19:00:55	1	1	1	0
313013	2017-02-11 19:01:04	1	1	1	0
313106	2017-02-11 19:01:09	1	1	1	0
314006	2017-02-11 19:02:38	1	1	1	0
314019	2017-02-11 19:04:48	1	0	1	0
313094	2017-02-11 19:16:29	1	1	1	0
312085	2017-02-11 19:56:10	1	1	1	0
314016	2017-02-11 19:57:34	1	1	1	0
312078	2017-02-11 20:02:40	1	1	1	0
312057	2017-02-11 20:02:45	1	1	1	0
312084	2017-02-11 20:02:53	1	1	1	0
312071	2017-02-11 20:03:07	1	1	1	0
312023	2017-02-11 20:03:34	1	1	1	0
313073	2017-02-12 02:47:55	1	1	1	0
314008	2017-02-12 07:01:36	1	1	1	0
314019	2017-02-12 07:02:01	1	1	1	0
313120	2017-02-12 17:08:40	1	0	1	0
314008	2017-02-12 18:44:49	1	0	1	0
314020	2017-02-12 18:55:53	1	0	1	0
314020	2017-02-12 18:56:03	1	0	1	0
314006	2017-02-12 19:00:29	1	1	1	0
313120	2017-02-13 02:40:17	1	1	1	0
314016	2017-02-13 06:10:43	1	0	1	0
313009	2017-02-13 06:26:14	1	0	1	0
313012	2017-02-13 06:45:49	1	0	1	0
314018	2017-02-13 06:53:10	1	0	1	0
314009	2017-02-13 06:55:55	1	0	1	0
313007	2017-02-13 06:56:54	1	0	1	0
313017	2017-02-13 06:56:59	1	0	1	0
313023	2017-02-13 06:58:29	1	0	1	0
314020	2017-02-13 07:01:08	1	1	1	0
314020	2017-02-13 07:01:12	1	1	1	0
313050	2017-02-13 07:01:20	1	0	1	0
313021	2017-02-13 07:01:25	1	0	1	0
314008	2017-02-13 07:02:01	1	1	1	0
314021	2017-02-13 07:03:07	1	0	1	0
313032	2017-02-13 07:07:40	1	0	1	0
313006	2017-02-13 07:09:52	1	0	1	0
313011	2017-02-13 07:09:56	1	0	1	0
313022	2017-02-13 07:10:04	1	0	1	0
313048	2017-02-13 07:10:09	1	0	1	0
313014	2017-02-13 07:10:16	1	0	1	0
313090	2017-02-13 07:10:21	1	0	1	0
313013	2017-02-13 07:16:14	1	0	1	0
313042	2017-02-13 07:16:37	1	0	1	0
313060	2017-02-13 07:21:29	1	0	1	0
313051	2017-02-13 07:23:31	1	0	1	0
313095	2017-02-13 07:25:33	1	0	1	0
311004	2017-02-13 07:27:35	1	0	1	0
311004	2017-02-13 07:30:41	1	0	1	0
313097	2017-02-13 07:31:44	1	0	1	0
312090	2017-02-13 07:38:10	1	0	1	0
313116	2017-02-13 07:38:24	1	0	1	0
311090	2017-02-13 07:39:12	1	0	1	0
313081	2017-02-13 07:40:36	1	0	1	0
313141	2017-02-13 07:41:14	1	0	1	0
311211	2017-02-13 07:44:59	1	0	1	0
313002	2017-02-13 07:47:23	1	0	1	0
313057	2017-02-13 07:47:27	1	0	1	0
311340	2017-02-13 07:47:51	1	0	1	0
311232	2017-02-13 07:49:03	1	0	1	0
311325	2017-02-13 07:50:46	1	0	1	0
312088	2017-02-13 07:51:56	1	0	1	0
311333	2017-02-13 07:52:08	1	0	1	0
312070	2017-02-13 07:52:22	1	0	1	0
312089	2017-02-13 07:52:53	1	0	1	0
311334	2017-02-13 07:53:02	1	0	1	0
312087	2017-02-13 07:55:35	1	0	1	0
312041	2017-02-13 07:57:26	1	0	1	0
311219	2017-02-13 07:57:31	1	0	1	0
311191	2017-02-13 07:57:54	1	0	1	0
311089	2017-02-13 07:58:02	1	0	1	0
312026	2017-02-13 07:58:53	1	0	1	0
312077	2017-02-13 07:59:01	1	0	1	0
313058	2017-02-13 07:59:07	1	0	1	0
311057	2017-02-13 07:59:18	1	0	1	0
311337	2017-02-13 07:59:28	1	0	1	0
311038	2017-02-13 08:00:36	1	0	1	0
311301	2017-02-13 08:01:25	1	0	1	0
311005	2017-02-13 08:03:53	1	0	1	0
311018	2017-02-13 08:04:25	1	0	1	0
311341	2017-02-13 08:04:50	1	0	1	0
312078	2017-02-13 08:05:38	1	0	1	0
311328	2017-02-13 08:09:25	1	0	1	0
311336	2017-02-13 08:09:35	1	0	1	0
311066	2017-02-13 08:09:44	1	0	1	0
311098	2017-02-13 08:16:00	1	0	1	0
313025	2017-02-13 08:17:00	1	0	1	0
314022	2017-02-13 08:22:23	1	0	1	0
311329	2017-02-13 08:26:01	1	0	1	0
312020	2017-02-13 08:30:55	1	0	1	0
312023	2017-02-13 08:35:47	1	0	1	0
 31125	2017-02-13 08:38:32	1	0	1	0
313108	2017-02-13 09:05:37	1	0	1	0
313007	2017-02-13 09:36:07	1	1	1	0
313098	2017-02-13 09:53:11	1	0	1	0
312066	2017-02-13 09:58:41	1	0	1	0
313050	2017-02-13 10:02:20	1	1	1	0
313036	2017-02-13 10:32:26	1	0	1	0
312081	2017-02-13 10:57:16	1	0	1	0
312071	2017-02-13 11:24:00	1	0	1	0
313116	2017-02-13 11:41:30	1	1	1	0
312085	2017-02-13 11:42:33	1	1	1	0
313090	2017-02-13 11:58:15	1	1	1	0
313042	2017-02-13 11:58:43	1	1	1	0
313011	2017-02-13 11:58:48	1	1	1	0
313060	2017-02-13 12:02:16	1	1	1	0
312084	2017-02-13 12:03:20	1	1	1	0
313051	2017-02-13 12:04:50	1	1	1	0
313023	2017-02-13 12:16:15	1	1	1	0
314017	2017-02-13 12:23:54	1	0	1	0
313014	2017-02-13 12:43:59	1	0	1	0
313022	2017-02-13 12:44:26	1	1	1	0
313014	2017-02-13 12:44:37	1	1	1	0
313048	2017-02-13 12:49:09	1	1	1	0
313009	2017-02-13 12:51:16	1	1	1	0
313006	2017-02-13 12:59:53	1	1	1	0
312057	2017-02-13 13:10:36	1	1	1	0
313021	2017-02-13 13:35:49	1	1	1	0
313012	2017-02-13 14:17:56	1	1	1	0
313017	2017-02-13 14:18:36	1	1	1	0
313012	2017-02-13 14:18:48	1	1	1	0
314016	2017-02-13 14:29:20	1	1	1	0
313063	2017-02-13 15:14:55	1	0	1	0
313106	2017-02-13 15:17:16	1	0	1	0
311038	2017-02-13 15:50:23	1	1	1	0
313094	2017-02-13 15:50:45	1	0	1	0
313135	2017-02-13 15:54:05	1	0	1	0
313133	2017-02-13 15:54:28	1	0	1	0
313081	2017-02-13 15:56:15	1	1	1	0
313130	2017-02-13 15:56:40	1	0	1	0
313013	2017-02-13 16:05:19	1	1	1	0
313096	2017-02-13 16:11:35	1	1	1	0
313001	2017-02-13 16:15:55	1	1	1	0
313141	2017-02-13 16:32:53	1	1	1	0
311089	2017-02-13 16:43:41	1	1	1	0
311232	2017-02-13 16:44:06	1	1	1	0
313025	2017-02-13 16:45:27	1	1	1	0
311057	2017-02-13 16:46:01	1	1	1	0
311222	2017-02-13 16:46:05	1	1	1	0
313007	2017-02-13 16:47:23	1	1	1	0
313097	2017-02-13 16:47:48	1	1	1	0
313007	2017-02-13 16:47:53	1	0	1	0
311191	2017-02-13 16:49:48	1	0	1	0
311191	2017-02-13 16:49:58	1	1	1	0
312070	2017-02-13 16:51:53	1	1	1	0
311211	2017-02-13 16:52:03	1	1	1	0
311098	2017-02-13 16:57:26	1	1	1	0
311341	2017-02-13 16:58:34	1	1	1	0
311301	2017-02-13 17:00:25	1	1	1	0
311345	2017-02-13 17:00:32	1	1	1	0
311328	2017-02-13 17:00:46	1	1	1	0
311333	2017-02-13 17:01:57	1	1	1	0
312088	2017-02-13 17:02:06	1	1	1	0
312090	2017-02-13 17:04:04	1	1	1	0
311329	2017-02-13 17:04:50	1	1	1	0
312041	2017-02-13 17:05:47	1	1	1	0
312020	2017-02-13 17:06:55	1	1	1	0
311219	2017-02-13 17:08:00	1	1	1	0
311219	2017-02-13 17:08:02	1	1	1	0
312089	2017-02-13 17:08:22	1	1	1	0
312026	2017-02-13 17:09:42	1	1	1	0
312087	2017-02-13 17:10:20	1	1	1	0
312078	2017-02-13 17:10:56	1	1	1	0
313057	2017-02-13 17:11:42	1	1	1	0
311325	2017-02-13 17:12:12	1	1	1	0
313058	2017-02-13 17:12:25	1	1	1	0
311018	2017-02-13 17:18:12	1	1	1	0
311340	2017-02-13 17:19:07	1	1	1	0
312066	2017-02-13 17:20:59	1	1	1	0
311340	2017-02-13 17:21:15	1	1	1	0
314022	2017-02-13 17:22:26	1	1	1	0
312077	2017-02-13 17:22:37	1	1	1	0
314009	2017-02-13 17:22:47	1	1	1	0
311336	2017-02-13 17:29:17	1	1	1	0
311337	2017-02-13 17:32:40	1	1	1	0
311018	2017-02-13 17:36:27	1	1	1	0
311334	2017-02-13 17:42:55	1	1	1	0
311334	2017-02-13 17:43:00	1	1	1	0
314006	2017-02-13 18:44:21	1	0	1	0
313119	2017-02-13 18:55:06	1	0	1	0
313120	2017-02-13 18:55:10	1	0	1	0
314020	2017-02-13 18:59:41	1	0	1	0
314018	2017-02-13 19:08:10	1	1	1	0
313036	2017-02-13 19:08:34	1	1	1	0
312081	2017-02-13 19:30:37	1	1	1	0
311066	2017-02-13 19:31:04	1	1	1	0
314017	2017-02-13 19:31:46	1	1	1	0
313126	2017-02-13 19:31:56	1	0	1	0
311005	2017-02-13 19:37:27	1	0	1	0
311004	2017-02-13 19:47:29	1	0	1	0
313119	2017-02-13 19:56:19	1	1	1	0
311090	2017-02-13 19:58:02	1	1	1	0
311090	2017-02-13 19:58:04	1	1	1	0
313002	2017-02-13 20:00:27	1	1	1	0
313098	2017-02-13 20:22:34	1	1	1	0
313073	2017-02-13 20:48:57	1	1	1	0
312057	2017-02-13 21:27:47	1	1	1	0
312023	2017-02-13 21:27:56	1	1	1	0
312085	2017-02-13 21:30:08	1	1	1	0
312071	2017-02-13 21:30:27	1	1	1	0
312084	2017-02-13 21:30:38	1	1	1	0
313007	2017-02-13 21:37:12	1	1	1	0
313130	2017-02-13 22:06:51	1	1	1	0
313133	2017-02-13 22:07:01	1	1	1	0
313063	2017-02-13 22:07:06	1	1	1	0
313106	2017-02-13 22:07:50	1	1	1	0
313135	2017-02-13 22:08:17	1	1	1	0
313096	2017-02-13 22:09:26	1	1	1	0
313094	2017-02-13 22:10:01	1	1	1	0
313001	2017-02-13 22:10:59	1	1	1	0
313073	2017-02-14 05:22:54	1	1	1	0
313009	2017-02-14 06:31:19	1	0	1	0
314016	2017-02-14 06:32:42	1	0	1	0
313126	2017-02-14 06:43:35	1	1	1	0
314019	2017-02-14 06:46:58	1	0	1	0
313012	2017-02-14 06:55:33	1	0	1	0
314009	2017-02-14 06:56:36	1	0	1	0
313007	2017-02-14 06:58:41	1	0	1	0
313017	2017-02-14 06:59:26	1	0	1	0
314006	2017-02-14 07:00:43	1	1	1	0
314020	2017-02-14 07:00:53	1	1	1	0
314020	2017-02-14 07:00:57	1	1	1	0
313021	2017-02-14 07:01:55	1	0	1	0
313090	2017-02-14 07:03:34	1	0	1	0
313032	2017-02-14 07:06:03	1	0	1	0
313048	2017-02-14 07:10:06	1	0	1	0
313023	2017-02-14 07:11:04	1	0	1	0
313050	2017-02-14 07:12:35	1	0	1	0
313006	2017-02-14 07:13:04	1	0	1	0
313011	2017-02-14 07:13:10	1	0	1	0
313060	2017-02-14 07:14:32	1	0	1	0
313022	2017-02-14 07:19:13	1	0	1	0
313094	2017-02-14 07:19:54	1	0	1	0
313014	2017-02-14 07:22:41	1	0	1	0
313051	2017-02-14 07:27:31	1	0	1	0
313133	2017-02-14 07:28:58	1	0	1	0
313042	2017-02-14 07:29:15	1	0	1	0
313133	2017-02-14 07:29:22	1	0	1	0
313095	2017-02-14 07:30:51	1	0	1	0
313013	2017-02-14 07:32:49	1	0	1	0
311232	2017-02-14 07:37:43	1	0	1	0
313097	2017-02-14 07:41:02	1	0	1	0
311334	2017-02-14 07:43:49	1	0	1	0
311334	2017-02-14 07:43:54	1	0	1	0
311090	2017-02-14 07:45:10	1	0	1	0
315002	2017-02-14 07:46:19	1	0	1	0
313025	2017-02-14 07:46:32	1	0	1	0
312077	2017-02-14 07:47:06	1	0	1	0
312075	2017-02-14 07:47:51	1	0	1	0
311191	2017-02-14 07:48:32	1	0	1	0
312090	2017-02-14 07:50:40	1	0	1	0
311057	2017-02-14 07:50:45	1	0	1	0
312070	2017-02-14 07:51:11	1	0	1	0
312087	2017-02-14 07:52:21	1	0	1	0
311301	2017-02-14 07:53:40	1	0	1	0
312088	2017-02-14 07:54:12	1	0	1	0
311340	2017-02-14 07:54:21	1	0	1	0
312089	2017-02-14 07:54:41	1	0	1	0
311345	2017-02-14 07:56:09	1	0	1	0
312026	2017-02-14 07:57:16	1	0	1	0
311333	2017-02-14 07:57:21	1	0	1	0
311219	2017-02-14 07:57:30	1	0	1	0
313081	2017-02-14 07:57:54	1	0	1	0
311325	2017-02-14 07:57:59	1	0	1	0
311211	2017-02-14 07:59:42	1	0	1	0
311211	2017-02-14 07:59:49	1	0	1	0
311211	2017-02-14 08:00:00	1	0	1	0
311211	2017-02-14 08:00:02	1	0	1	0
311337	2017-02-14 08:00:49	1	0	1	0
312041	2017-02-14 08:02:10	1	0	1	0
311089	2017-02-14 08:02:41	1	0	1	0
313057	2017-02-14 08:02:46	1	0	1	0
311018	2017-02-14 08:03:55	1	0	1	0
311328	2017-02-14 08:04:09	1	0	1	0
311341	2017-02-14 08:04:17	1	0	1	0
312078	2017-02-14 08:04:23	1	0	1	0
311336	2017-02-14 08:09:02	1	0	1	0
311038	2017-02-14 08:09:55	1	0	1	0
311098	2017-02-14 08:13:19	1	0	1	0
311329	2017-02-14 08:16:33	1	0	1	0
312020	2017-02-14 08:16:39	1	0	1	0
311023	2017-02-14 08:16:46	1	0	1	0
311005	2017-02-14 08:18:05	1	0	1	0
312066	2017-02-14 08:22:34	1	0	1	0
313058	2017-02-14 08:22:49	1	0	1	0
311222	2017-02-14 08:31:36	1	0	1	0
 31125	2017-02-14 08:41:59	1	0	1	0
311066	2017-02-14 08:48:18	1	0	1	0
314022	2017-02-14 08:57:45	1	0	1	0
313036	2017-02-14 09:45:01	1	0	1	0
313098	2017-02-14 09:58:08	1	0	1	0
312023	2017-02-14 10:14:40	1	0	1	0
313007	2017-02-14 10:32:35	1	1	1	0
312081	2017-02-14 11:01:38	1	0	1	0
312085	2017-02-14 11:36:24	1	0	1	0
312084	2017-02-14 11:44:24	1	0	1	0
312071	2017-02-14 11:46:45	1	0	1	0
312057	2017-02-14 12:04:40	1	0	1	0
314017	2017-02-14 12:21:26	1	0	1	0
313021	2017-02-14 14:31:26	1	1	1	0
314016	2017-02-14 14:39:41	1	1	1	0
313002	2017-02-14 14:56:22	1	0	1	0
313090	2017-02-14 15:01:45	1	1	1	0
313032	2017-02-14 15:28:29	1	1	1	0
313135	2017-02-14 15:52:47	1	0	1	0
313096	2017-02-14 15:53:47	1	0	1	0
313048	2017-02-14 15:57:10	1	1	1	0
313130	2017-02-14 15:57:24	1	7	1	0
313106	2017-02-14 15:57:32	1	0	1	0
313130	2017-02-14 15:57:35	1	0	1	0
313032	2017-02-14 15:57:40	1	1	1	0
313050	2017-02-14 15:58:20	1	1	1	0
313012	2017-02-14 15:58:51	1	1	1	0
313095	2017-02-14 16:00:46	1	1	1	0
313025	2017-02-14 16:02:44	1	1	1	0
313001	2017-02-14 16:11:25	1	1	1	0
313081	2017-02-14 16:16:08	1	1	1	0
313013	2017-02-14 16:20:46	1	1	1	0
313007	2017-02-14 16:36:14	1	0	1	0
312070	2017-02-14 16:43:33	1	0	1	0
312070	2017-02-14 16:43:39	1	1	1	0
311211	2017-02-14 16:59:37	1	1	1	0
312041	2017-02-14 17:01:13	1	1	1	0
312088	2017-02-14 17:01:28	1	1	1	0
311328	2017-02-14 17:07:16	1	1	1	0
311232	2017-02-14 17:08:51	1	1	1	0
312089	2017-02-14 17:10:08	1	1	1	0
312026	2017-02-14 17:12:07	1	1	1	0
312075	2017-02-14 17:12:17	1	1	1	0
311345	2017-02-14 17:12:25	1	1	1	0
312020	2017-02-14 17:12:39	1	1	1	0
312087	2017-02-14 17:17:14	1	1	1	0
312066	2017-02-14 17:17:24	1	1	1	0
311191	2017-02-14 17:19:15	1	1	1	0
311301	2017-02-14 17:25:46	1	1	1	0
311340	2017-02-14 17:25:50	1	1	1	0
311334	2017-02-14 17:26:08	1	1	1	0
311334	2017-02-14 17:26:13	1	1	1	0
311333	2017-02-14 17:28:48	1	1	1	0
311038	2017-02-14 17:29:58	1	1	1	0
311098	2017-02-14 17:30:00	1	1	1	0
311219	2017-02-14 17:30:51	1	1	1	0
314009	2017-02-14 17:33:00	1	1	1	0
311337	2017-02-14 17:38:08	1	1	1	0
315002	2017-02-14 17:40:43	1	1	1	0
313097	2017-02-14 17:42:27	1	1	1	0
311341	2017-02-14 17:42:51	1	1	1	0
313057	2017-02-14 17:45:34	1	1	1	0
314022	2017-02-14 17:45:39	1	1	1	0
313058	2017-02-14 17:55:20	1	1	1	0
 31125	2017-02-14 18:03:05	1	1	1	0
312090	2017-02-14 18:03:12	1	1	1	0
313006	2017-02-14 18:15:33	1	1	1	0
311329	2017-02-14 18:27:19	1	1	1	0
311018	2017-02-14 18:28:05	1	1	1	0
311325	2017-02-14 18:30:57	1	1	1	0
311336	2017-02-14 18:37:36	1	1	1	0
311089	2017-02-14 18:40:43	1	1	1	0
313133	2017-02-14 18:42:49	1	1	1	0
314006	2017-02-14 18:49:01	1	0	1	0
311222	2017-02-14 18:51:21	1	0	1	0
314018	2017-02-14 18:57:51	1	0	1	0
313120	2017-02-14 19:05:26	1	0	1	0
314019	2017-02-14 19:06:43	1	1	1	0
313011	2017-02-14 19:07:44	1	1	1	0
313014	2017-02-14 19:07:55	1	1	1	0
313022	2017-02-14 19:08:37	1	1	1	0
313017	2017-02-14 19:10:05	1	1	1	0
313119	2017-02-14 19:11:01	1	0	1	0
313051	2017-02-14 19:11:37	1	1	1	0
313060	2017-02-14 19:11:46	1	1	1	0
312077	2017-02-14 19:14:17	1	1	1	0
313023	2017-02-14 19:16:27	1	1	1	0
313094	2017-02-14 19:33:36	1	0	1	0
314017	2017-02-14 20:01:40	1	1	1	0
312078	2017-02-14 20:06:15	1	1	1	0
312081	2017-02-14 20:08:23	1	1	1	0
311005	2017-02-14 20:23:59	1	1	1	0
311066	2017-02-14 20:24:10	1	1	1	0
311004	2017-02-14 20:25:20	1	1	1	0
313036	2017-02-14 20:39:26	1	1	1	0
311090	2017-02-14 20:42:16	1	1	1	0
313098	2017-02-14 20:43:50	1	1	1	0
313119	2017-02-14 20:55:27	1	1	1	0
313073	2017-02-14 21:22:05	1	0	1	0
313120	2017-02-14 21:43:50	1	0	1	0
313120	2017-02-14 21:43:53	1	1	1	0
313120	2017-02-14 21:44:01	1	1	1	0
312057	2017-02-14 22:41:07	1	0	1	0
312084	2017-02-14 22:41:23	1	0	1	0
312085	2017-02-14 22:41:29	1	0	1	0
312071	2017-02-14 22:41:36	1	0	1	0
312023	2017-02-14 22:44:55	1	0	1	0
313007	2017-02-14 22:48:20	1	1	1	0
313130	2017-02-15 00:02:22	1	1	1	0
313135	2017-02-15 02:19:21	1	1	1	0
313063	2017-02-15 02:19:33	1	1	1	0
313096	2017-02-15 02:19:47	1	1	1	0
313106	2017-02-15 02:20:24	1	1	1	0
313002	2017-02-15 02:21:32	1	1	1	0
313001	2017-02-15 02:22:59	1	1	1	0
314019	2017-02-15 06:30:48	1	0	1	0
314018	2017-02-15 07:00:18	1	0	1	0
314018	2017-02-15 07:00:24	1	1	1	0
314006	2017-02-15 07:00:29	1	1	1	0
313120	2017-02-15 17:12:02	1	0	1	0
313119	2017-02-15 18:41:17	1	0	1	0
314018	2017-02-15 18:41:26	1	0	1	0
314008	2017-02-15 19:00:47	1	1	1	0
314008	2017-02-15 19:00:53	1	1	1	0
314021	2017-02-15 19:06:42	1	0	1	0
313120	2017-02-16 01:52:14	1	1	1	0
313119	2017-02-16 06:08:44	1	1	1	0
314016	2017-02-16 06:19:11	1	0	1	0
314008	2017-02-16 06:23:09	1	0	1	0
313009	2017-02-16 06:30:08	1	0	1	0
313007	2017-02-16 06:47:46	1	0	1	0
313012	2017-02-16 06:52:13	1	0	1	0
314020	2017-02-16 06:56:13	1	0	1	0
314020	2017-02-16 06:56:18	1	0	1	0
314009	2017-02-16 06:57:07	1	0	1	0
313032	2017-02-16 06:57:25	1	0	1	0
313014	2017-02-16 06:58:11	1	0	1	0
314021	2017-02-16 07:00:09	1	1	1	0
313090	2017-02-16 07:00:28	1	1	1	0
313094	2017-02-16 07:02:38	1	0	1	0
313050	2017-02-16 07:08:14	1	0	1	0
313060	2017-02-16 07:08:41	1	0	1	0
313097	2017-02-16 07:08:51	1	0	1	0
313023	2017-02-16 07:08:58	1	0	1	0
313006	2017-02-16 07:11:17	1	0	1	0
313048	2017-02-16 07:13:24	1	0	1	0
313022	2017-02-16 07:14:50	1	0	1	0
313051	2017-02-16 07:18:59	1	0	1	0
313042	2017-02-16 07:22:46	1	0	1	0
313017	2017-02-16 07:24:22	1	0	1	0
313116	2017-02-16 07:26:54	1	0	1	0
313013	2017-02-16 07:27:03	1	0	1	0
313133	2017-02-16 07:32:36	1	0	1	0
311219	2017-02-16 07:32:56	1	0	1	0
313095	2017-02-16 07:33:37	1	0	1	0
313025	2017-02-16 07:34:47	1	0	1	0
311222	2017-02-16 07:35:12	1	0	1	0
313108	2017-02-16 07:35:42	1	0	1	0
313081	2017-02-16 07:37:46	1	0	1	0
311089	2017-02-16 07:39:57	1	0	1	0
312090	2017-02-16 07:40:10	1	0	1	0
313081	2017-02-16 07:41:57	1	0	1	0
312075	2017-02-16 07:45:06	1	0	1	0
315002	2017-02-16 07:47:20	1	0	1	0
311232	2017-02-16 07:47:56	1	0	1	0
311340	2017-02-16 07:49:10	1	0	1	0
312070	2017-02-16 07:49:23	1	0	1	0
311191	2017-02-16 07:49:30	1	0	1	0
312077	2017-02-16 07:50:43	1	0	1	0
312087	2017-02-16 07:50:49	1	0	1	0
312088	2017-02-16 07:51:19	1	0	1	0
311328	2017-02-16 07:52:17	1	0	1	0
311090	2017-02-16 07:53:12	1	0	1	0
311090	2017-02-16 07:53:16	1	0	1	0
312089	2017-02-16 07:53:23	1	0	1	0
311334	2017-02-16 07:54:03	1	0	1	0
311334	2017-02-16 07:54:06	1	0	1	0
311211	2017-02-16 07:54:45	1	0	1	0
312041	2017-02-16 07:57:12	1	0	1	0
311333	2017-02-16 07:59:13	1	0	1	0
312026	2017-02-16 07:59:19	1	0	1	0
311038	2017-02-16 07:59:34	1	0	1	0
311337	2017-02-16 07:59:42	1	0	1	0
313057	2017-02-16 08:00:31	1	0	1	0
311329	2017-02-16 08:01:29	1	0	1	0
311325	2017-02-16 08:01:43	1	0	1	0
311301	2017-02-16 08:01:47	1	0	1	0
312078	2017-02-16 08:02:32	1	0	1	0
311345	2017-02-16 08:05:03	1	0	1	0
311018	2017-02-16 08:06:54	1	0	1	0
312066	2017-02-16 08:07:11	1	0	1	0
311023	2017-02-16 08:11:02	1	0	1	0
311341	2017-02-16 08:11:08	1	0	1	0
313058	2017-02-16 08:18:29	1	0	1	0
312020	2017-02-16 08:22:59	1	0	1	0
314022	2017-02-16 08:26:01	1	0	1	0
 31125	2017-02-16 08:35:35	1	0	1	0
312023	2017-02-16 08:39:46	1	0	1	0
311336	2017-02-16 08:44:30	1	0	1	0
311066	2017-02-16 08:59:28	1	0	1	0
313036	2017-02-16 09:31:54	1	0	1	0
313098	2017-02-16 09:52:18	1	0	1	0
312081	2017-02-16 11:01:22	1	0	1	0
312084	2017-02-16 11:27:51	1	0	1	0
312057	2017-02-16 11:30:46	1	0	1	0
312071	2017-02-16 11:51:12	1	0	1	0
312085	2017-02-16 12:20:47	1	0	1	0
314017	2017-02-16 12:34:30	1	0	1	0
313108	2017-02-16 12:37:03	1	0	1	0
313063	2017-02-16 14:49:25	1	0	1	0
314016	2017-02-16 15:05:34	1	1	1	0
313051	2017-02-16 15:10:04	1	1	1	0
313116	2017-02-16 15:18:51	1	1	1	0
313002	2017-02-16 15:40:06	1	0	1	0
313012	2017-02-16 15:45:14	1	1	1	0
313017	2017-02-16 15:46:20	1	1	1	0
313135	2017-02-16 15:48:58	1	0	1	0
313048	2017-02-16 15:51:03	1	1	1	0
313106	2017-02-16 15:52:18	1	0	1	0
313090	2017-02-16 15:58:02	1	1	1	0
313096	2017-02-16 15:58:27	1	0	1	0
313130	2017-02-16 16:00:29	1	0	1	0
311222	2017-02-16 16:06:45	1	0	1	0
313025	2017-02-16 16:06:59	1	0	1	0
313081	2017-02-16 16:09:32	1	1	1	0
311341	2017-02-16 16:10:10	1	1	1	0
313001	2017-02-16 16:13:19	1	1	1	0
311325	2017-02-16 16:19:59	1	1	1	0
313013	2017-02-16 16:24:14	1	1	1	0
311232	2017-02-16 16:28:17	1	1	1	0
313058	2017-02-16 16:34:23	1	1	1	0
311038	2017-02-16 16:37:12	1	1	1	0
313133	2017-02-16 16:39:49	1	1	1	0
312070	2017-02-16 16:44:12	1	1	1	0
311211	2017-02-16 16:45:12	1	1	1	0
311345	2017-02-16 16:45:54	1	1	1	0
311089	2017-02-16 16:58:16	1	1	1	0
 31125	2017-02-16 16:59:25	1	1	1	0
311334	2017-02-16 17:03:34	1	1	1	0
311334	2017-02-16 17:03:39	1	1	1	0
311328	2017-02-16 17:04:09	1	1	1	0
311191	2017-02-16 17:04:18	1	1	1	0
311301	2017-02-16 17:04:34	1	1	1	0
311329	2017-02-16 17:05:20	1	1	1	0
312090	2017-02-16 17:06:02	1	1	1	0
313057	2017-02-16 17:07:40	1	1	1	0
314022	2017-02-16 17:07:45	1	1	1	0
314009	2017-02-16 17:08:36	1	1	1	0
311333	2017-02-16 17:11:34	1	1	1	0
312075	2017-02-16 17:11:58	1	1	1	0
312087	2017-02-16 17:12:08	1	1	1	0
311023	2017-02-16 17:12:58	1	1	1	0
315002	2017-02-16 17:13:14	1	1	1	0
311340	2017-02-16 17:14:11	1	1	1	0
312089	2017-02-16 17:14:34	1	1	1	0
311336	2017-02-16 17:14:45	1	1	1	0
312041	2017-02-16 17:17:38	1	1	1	0
312078	2017-02-16 17:17:45	1	1	1	0
312088	2017-02-16 17:18:05	1	1	1	0
313097	2017-02-16 17:18:34	1	1	1	0
311023	2017-02-16 17:18:55	1	1	1	0
312026	2017-02-16 17:20:25	1	1	1	0
312077	2017-02-16 17:21:00	1	1	1	0
312066	2017-02-16 17:21:52	1	1	1	0
312020	2017-02-16 17:22:57	1	1	1	0
311219	2017-02-16 17:23:20	1	1	1	0
311219	2017-02-16 17:23:22	1	1	1	0
311018	2017-02-16 17:25:28	1	1	1	0
311018	2017-02-16 17:26:10	1	1	1	0
313032	2017-02-16 17:26:32	1	1	1	0
313050	2017-02-16 17:27:49	1	1	1	0
313042	2017-02-16 17:38:22	1	1	1	0
313060	2017-02-16 17:38:30	1	1	1	0
313006	2017-02-16 17:40:25	1	1	1	0
313095	2017-02-16 17:43:49	1	1	1	0
313009	2017-02-16 17:48:55	1	1	1	0
311337	2017-02-16 17:49:30	1	1	1	0
313023	2017-02-16 17:55:17	1	1	1	0
313094	2017-02-16 18:06:26	1	1	1	0
314021	2017-02-16 18:26:49	1	0	1	0
314019	2017-02-16 18:54:29	1	0	1	0
314019	2017-02-16 18:54:33	1	0	1	0
313120	2017-02-16 18:58:46	1	0	1	0
314020	2017-02-16 19:01:20	1	1	1	0
313036	2017-02-16 19:09:05	1	1	1	0
314017	2017-02-16 19:26:19	1	1	1	0
312081	2017-02-16 19:30:26	1	1	1	0
313126	2017-02-16 19:31:47	1	0	1	0
313098	2017-02-16 19:34:23	1	1	1	0
311005	2017-02-16 19:41:33	1	1	1	0
311090	2017-02-16 19:42:46	1	1	1	0
311066	2017-02-16 19:43:31	1	1	1	0
311005	2017-02-16 19:44:44	1	1	1	0
311090	2017-02-16 19:44:56	1	1	1	0
313022	2017-02-16 20:16:58	1	1	1	0
313014	2017-02-16 20:17:21	1	1	1	0
313073	2017-02-16 20:56:47	1	0	1	0
312023	2017-02-16 22:00:15	1	1	1	0
312057	2017-02-16 22:00:22	1	1	1	0
312084	2017-02-16 22:00:37	1	1	1	0
312085	2017-02-16 22:00:39	1	1	1	0
312071	2017-02-16 22:00:41	1	1	1	0
313007	2017-02-16 22:53:07	1	1	1	0
313130	2017-02-17 00:02:43	1	1	1	0
313063	2017-02-17 01:38:23	1	1	1	0
313135	2017-02-17 01:38:39	1	1	1	0
313106	2017-02-17 01:38:44	1	1	1	0
313096	2017-02-17 01:38:49	1	1	1	0
313002	2017-02-17 01:39:11	1	1	1	0
313001	2017-02-17 01:40:13	1	1	1	0
313073	2017-02-17 03:17:54	1	1	1	0
313126	2017-02-17 04:45:34	1	1	1	0
314016	2017-02-17 06:18:31	1	0	1	0
313009	2017-02-17 06:26:12	1	0	1	0
313119	2017-02-17 06:38:40	1	1	1	0
314020	2017-02-17 06:47:09	1	0	1	0
313094	2017-02-17 06:50:15	1	0	1	0
313014	2017-02-17 06:53:12	1	0	1	0
313007	2017-02-17 06:55:15	1	0	1	0
313017	2017-02-17 06:56:42	1	0	1	0
313012	2017-02-17 06:56:52	1	0	1	0
314009	2017-02-17 06:57:49	1	0	1	0
313097	2017-02-17 06:57:58	1	0	1	0
314021	2017-02-17 07:00:56	1	1	1	0
314019	2017-02-17 07:01:19	1	1	1	0
313017	2017-02-17 07:02:30	1	0	1	0
314006	2017-02-17 07:02:34	1	0	1	0
313032	2017-02-17 07:02:43	1	0	1	0
313050	2017-02-17 07:05:27	1	0	1	0
313090	2017-02-17 07:05:36	1	0	1	0
313022	2017-02-17 07:08:07	1	0	1	0
313048	2017-02-17 07:10:29	1	0	1	0
313023	2017-02-17 07:11:09	1	0	1	0
313011	2017-02-17 07:12:06	1	0	1	0
313006	2017-02-17 07:12:08	1	0	1	0
313013	2017-02-17 07:15:26	1	0	1	0
313116	2017-02-17 07:21:51	1	0	1	0
313051	2017-02-17 07:22:18	1	0	1	0
313060	2017-02-17 07:23:38	1	0	1	0
313081	2017-02-17 07:31:33	1	0	1	0
313095	2017-02-17 07:39:50	1	0	1	0
311090	2017-02-17 07:40:09	1	0	1	0
313133	2017-02-17 07:40:13	1	0	1	0
311340	2017-02-17 07:41:54	1	0	1	0
311334	2017-02-17 07:43:06	1	0	1	0
311334	2017-02-17 07:43:11	1	0	1	0
313042	2017-02-17 07:44:18	1	0	1	0
311333	2017-02-17 07:45:28	1	0	1	0
311222	2017-02-17 07:46:20	1	0	1	0
311191	2017-02-17 07:46:58	1	0	1	0
311328	2017-02-17 07:47:18	1	0	1	0
311089	2017-02-17 07:47:38	1	0	1	0
313108	2017-02-17 07:47:48	1	0	1	0
311232	2017-02-17 07:48:08	1	0	1	0
312075	2017-02-17 07:48:16	1	0	1	0
311219	2017-02-17 07:49:49	1	0	1	0
311219	2017-02-17 07:49:51	1	0	1	0
311005	2017-02-17 07:51:19	1	0	1	0
311005	2017-02-17 07:51:44	1	0	1	0
312090	2017-02-17 07:52:17	1	0	1	0
312026	2017-02-17 07:52:34	1	0	1	0
311038	2017-02-17 07:52:50	1	0	1	0
312089	2017-02-17 07:53:16	1	0	1	0
312070	2017-02-17 07:53:36	1	0	1	0
311301	2017-02-17 07:53:56	1	0	1	0
312088	2017-02-17 07:54:23	1	0	1	0
315002	2017-02-17 07:55:34	1	0	1	0
312041	2017-02-17 07:56:08	1	0	1	0
311345	2017-02-17 07:56:28	1	0	1	0
311211	2017-02-17 07:57:24	1	0	1	0
312087	2017-02-17 07:57:51	1	0	1	0
313025	2017-02-17 07:59:24	1	0	1	0
312077	2017-02-17 07:59:47	1	0	1	0
311018	2017-02-17 08:00:54	1	0	1	0
311337	2017-02-17 08:01:19	1	0	1	0
311098	2017-02-17 08:01:36	1	0	1	0
312066	2017-02-17 08:02:27	1	0	1	0
311098	2017-02-17 08:02:31	1	0	1	0
311083	2017-02-17 08:02:55	1	0	1	0
313057	2017-02-17 08:03:08	1	0	1	0
312020	2017-02-17 08:03:34	1	0	1	0
312078	2017-02-17 08:03:43	1	0	1	0
313058	2017-02-17 08:04:18	1	0	1	0
311325	2017-02-17 08:04:39	1	0	1	0
311341	2017-02-17 08:08:54	1	0	1	0
311057	2017-02-17 08:12:09	1	0	1	0
311057	2017-02-17 08:15:30	1	0	1	0
311004	2017-02-17 08:15:50	1	0	1	0
311066	2017-02-17 08:16:19	1	0	1	0
311329	2017-02-17 08:20:01	1	0	1	0
314022	2017-02-17 08:22:50	1	0	1	0
 31125	2017-02-17 08:36:02	1	0	1	0
312023	2017-02-17 08:37:39	1	0	1	0
312023	2017-02-17 08:37:40	1	0	1	0
312023	2017-02-17 08:37:45	1	0	1	0
313098	2017-02-17 10:00:48	1	0	1	0
313007	2017-02-17 10:24:46	1	0	1	0
312081	2017-02-17 11:03:34	1	0	1	0
312084	2017-02-17 11:16:55	1	0	1	0
312071	2017-02-17 11:18:42	1	0	1	0
312085	2017-02-17 11:41:43	1	0	1	0
314017	2017-02-17 12:58:17	1	0	1	0
312057	2017-02-17 13:11:19	1	0	1	0
314016	2017-02-17 14:11:42	1	1	1	0
313135	2017-02-17 14:14:28	1	0	1	0
313090	2017-02-17 15:10:15	1	1	1	0
313017	2017-02-17 15:15:55	1	1	1	0
313017	2017-02-17 15:16:01	1	1	1	0
313063	2017-02-17 15:17:21	1	0	1	0
313048	2017-02-17 15:23:15	1	1	1	0
313096	2017-02-17 15:26:44	1	0	1	0
313001	2017-02-17 15:27:21	1	0	1	0
313051	2017-02-17 15:42:44	1	1	1	0
313060	2017-02-17 15:43:43	1	1	1	0
313006	2017-02-17 15:53:30	1	1	1	0
313130	2017-02-17 15:54:56	1	0	1	0
313023	2017-02-17 15:56:33	1	1	1	0
313106	2017-02-17 15:57:42	1	0	1	0
313009	2017-02-17 16:00:31	1	0	1	0
313032	2017-02-17 16:03:39	1	1	1	0
313013	2017-02-17 16:24:29	1	1	1	0
313002	2017-02-17 16:28:35	1	0	1	0
313050	2017-02-17 16:29:33	1	1	1	0
311191	2017-02-17 16:33:17	1	1	1	0
311328	2017-02-17 16:38:29	1	1	1	0
313058	2017-02-17 16:40:29	1	1	1	0
311038	2017-02-17 16:42:49	1	1	1	0
311334	2017-02-17 16:48:20	1	1	1	0
311334	2017-02-17 16:48:25	1	1	1	0
311301	2017-02-17 16:48:43	1	1	1	0
313007	2017-02-17 16:51:43	1	0	1	0
311083	2017-02-17 16:53:37	1	0	1	0
311345	2017-02-17 16:53:51	1	0	1	0
312041	2017-02-17 16:54:59	1	0	1	0
312070	2017-02-17 16:58:07	1	1	1	0
311211	2017-02-17 16:58:30	1	1	1	0
311325	2017-02-17 16:59:54	1	1	1	0
311232	2017-02-17 17:00:10	1	1	1	0
311341	2017-02-17 17:01:12	1	1	1	0
314022	2017-02-17 17:02:42	1	1	1	0
312090	2017-02-17 17:02:56	1	1	1	0
313057	2017-02-17 17:04:59	1	1	1	0
311018	2017-02-17 17:08:33	1	1	1	0
312075	2017-02-17 17:09:39	1	1	1	0
312026	2017-02-17 17:09:44	1	1	1	0
312087	2017-02-17 17:09:53	1	1	1	0
 31125	2017-02-17 17:11:39	1	1	1	0
311098	2017-02-17 17:11:43	1	1	1	0
312089	2017-02-17 17:12:24	1	1	1	0
313108	2017-02-17 17:12:36	1	1	1	0
312020	2017-02-17 17:14:31	1	1	1	0
315002	2017-02-17 17:14:45	1	1	1	0
313081	2017-02-17 17:15:26	1	1	1	0
313081	2017-02-17 17:15:28	1	1	1	0
312088	2017-02-17 17:18:08	1	1	1	0
314009	2017-02-17 17:18:17	1	1	1	0
311057	2017-02-17 17:18:59	1	1	1	0
313012	2017-02-17 17:22:52	1	1	1	0
312066	2017-02-17 17:28:02	1	1	1	0
311340	2017-02-17 17:30:48	1	1	1	0
313116	2017-02-17 17:34:42	1	1	1	0
311337	2017-02-17 17:34:52	1	1	1	0
311329	2017-02-17 17:38:04	1	1	1	0
311333	2017-02-17 17:46:01	1	1	1	0
313025	2017-02-17 17:47:01	1	1	1	0
313097	2017-02-17 17:50:29	1	1	1	0
311222	2017-02-17 17:54:53	1	1	1	0
311089	2017-02-17 17:55:10	1	1	1	0
313014	2017-02-17 17:57:46	1	1	1	0
313133	2017-02-17 18:05:27	1	1	1	0
313022	2017-02-17 18:09:44	1	1	1	0
313042	2017-02-17 18:17:31	1	1	1	0
313095	2017-02-17 18:17:52	1	1	1	0
313126	2017-02-17 18:48:40	1	0	1	0
313094	2017-02-17 18:50:31	1	1	1	0
314019	2017-02-17 18:54:16	1	0	1	0
314019	2017-02-17 18:54:19	1	0	1	0
312078	2017-02-17 18:58:15	1	0	1	0
312078	2017-02-17 18:58:23	1	1	1	0
313120	2017-02-17 18:59:02	1	0	1	0
314008	2017-02-17 19:00:07	1	0	1	0
314020	2017-02-17 19:03:23	1	1	1	0
314020	2017-02-17 19:03:27	1	1	1	0
312077	2017-02-17 19:19:50	1	1	1	0
312085	2017-02-17 19:34:31	1	1	1	0
312081	2017-02-17 19:37:48	1	1	1	0
311066	2017-02-17 19:43:58	1	1	1	0
311090	2017-02-17 19:45:56	1	1	1	0
311090	2017-02-17 19:46:00	1	1	1	0
314017	2017-02-17 19:47:34	1	1	1	0
311005	2017-02-17 19:47:45	1	1	1	0
311004	2017-02-17 19:59:00	1	1	1	0
313119	2017-02-17 20:09:15	1	1	1	0
313073	2017-02-17 20:43:17	1	0	1	0
313098	2017-02-17 20:53:43	1	1	1	0
313036	2017-02-17 20:56:17	1	1	1	0
313007	2017-02-17 21:24:43	1	1	1	0
312084	2017-02-17 21:26:55	1	1	1	0
312057	2017-02-17 21:28:05	1	1	1	0
312071	2017-02-17 21:28:08	1	1	1	0
312023	2017-02-17 21:28:26	1	1	1	0
313130	2017-02-18 00:02:32	1	1	1	0
313106	2017-02-18 00:03:28	1	1	1	0
313063	2017-02-18 00:03:33	1	1	1	0
313135	2017-02-18 00:04:11	1	1	1	0
313002	2017-02-18 00:05:43	1	1	1	0
313001	2017-02-18 00:08:02	1	1	1	0
313073	2017-02-18 04:43:54	1	1	1	0
314016	2017-02-18 05:57:13	1	0	1	0
313009	2017-02-18 06:26:18	1	0	1	0
314018	2017-02-18 06:36:28	1	0	1	0
314006	2017-02-18 06:47:05	1	0	1	0
313007	2017-02-18 06:56:00	1	0	1	0
313012	2017-02-18 06:57:41	1	0	1	0
313032	2017-02-18 06:57:51	1	0	1	0
314009	2017-02-18 06:58:57	1	0	1	0
313014	2017-02-18 07:00:20	1	0	1	0
314019	2017-02-18 07:00:27	1	1	1	0
314008	2017-02-18 07:00:33	1	1	1	0
313048	2017-02-18 07:00:54	1	0	1	0
313097	2017-02-18 07:02:11	1	0	1	0
313021	2017-02-18 07:02:16	1	0	1	0
313017	2017-02-18 07:02:20	1	0	1	0
313023	2017-02-18 07:02:26	1	0	1	0
313094	2017-02-18 07:03:32	1	0	1	0
313050	2017-02-18 07:03:55	1	0	1	0
313022	2017-02-18 07:15:11	1	0	1	0
313116	2017-02-18 07:16:38	1	0	1	0
313090	2017-02-18 07:17:32	1	0	1	0
313011	2017-02-18 07:19:16	1	0	1	0
313006	2017-02-18 07:19:18	1	0	1	0
313060	2017-02-18 07:21:35	1	0	1	0
313051	2017-02-18 07:30:18	1	0	1	0
313081	2017-02-18 07:32:08	1	0	1	0
313042	2017-02-18 07:35:29	1	0	1	0
312070	2017-02-18 07:36:38	1	0	1	0
313108	2017-02-18 07:38:21	1	0	1	0
311232	2017-02-18 07:38:58	1	0	1	0
312075	2017-02-18 07:41:45	1	0	1	0
311089	2017-02-18 07:42:04	1	0	1	0
312090	2017-02-18 07:44:07	1	0	1	0
315002	2017-02-18 07:46:27	1	0	1	0
311222	2017-02-18 07:46:57	1	0	1	0
311333	2017-02-18 07:48:48	1	0	1	0
311325	2017-02-18 07:48:53	1	0	1	0
311211	2017-02-18 07:53:13	1	0	1	0
311329	2017-02-18 07:54:01	1	0	1	0
311301	2017-02-18 07:54:08	1	0	1	0
311090	2017-02-18 07:54:23	1	0	1	0
311340	2017-02-18 07:54:47	1	0	1	0
313095	2017-02-18 07:55:04	1	0	1	0
312089	2017-02-18 07:55:23	1	0	1	0
312087	2017-02-18 07:56:07	1	0	1	0
313057	2017-02-18 07:56:31	1	0	1	0
313058	2017-02-18 07:57:37	1	0	1	0
312026	2017-02-18 07:57:42	1	0	1	0
312088	2017-02-18 07:57:52	1	0	1	0
314022	2017-02-18 07:57:57	1	0	1	0
311345	2017-02-18 07:58:21	1	0	1	0
312041	2017-02-18 07:58:28	1	0	1	0
311038	2017-02-18 07:58:34	1	0	1	0
311334	2017-02-18 07:59:10	1	0	1	0
311334	2017-02-18 07:59:15	1	0	1	0
311219	2017-02-18 07:59:18	1	0	1	0
313025	2017-02-18 07:59:27	1	0	1	0
311018	2017-02-18 07:59:38	1	0	1	0
311023	2017-02-18 08:02:16	1	0	1	0
311005	2017-02-18 08:02:29	1	0	1	0
311328	2017-02-18 08:02:46	1	0	1	0
311337	2017-02-18 08:03:25	1	0	1	0
312077	2017-02-18 08:04:50	1	0	1	0
311191	2017-02-18 08:05:42	1	0	1	0
312066	2017-02-18 08:07:29	1	0	1	0
311004	2017-02-18 08:07:33	1	0	1	0
311057	2017-02-18 08:07:41	1	0	1	0
312078	2017-02-18 08:09:38	1	0	1	0
312020	2017-02-18 08:16:51	1	0	1	0
311098	2017-02-18 08:17:48	1	0	1	0
 31125	2017-02-18 08:22:43	1	0	1	0
312023	2017-02-18 08:36:37	1	0	1	0
311066	2017-02-18 08:36:48	1	0	1	0
311083	2017-02-18 08:37:29	1	0	1	0
313120	2017-02-18 08:37:39	1	1	1	0
311336	2017-02-18 08:40:54	1	0	1	0
312071	2017-02-18 10:30:57	1	0	1	0
313036	2017-02-18 10:39:50	1	0	1	0
312081	2017-02-18 10:41:36	1	0	1	0
312084	2017-02-18 10:54:48	1	0	1	0
312085	2017-02-18 10:55:49	1	0	1	0
312057	2017-02-18 11:04:22	1	0	1	0
314017	2017-02-18 11:20:00	1	0	1	0
313130	2017-02-18 12:02:10	1	0	1	0
313095	2017-02-18 12:04:08	1	1	1	0
313007	2017-02-18 12:44:41	1	1	1	0
313048	2017-02-18 12:48:03	1	1	1	0
313098	2017-02-18 12:54:38	1	0	1	0
313063	2017-02-18 13:20:13	1	0	1	0
313096	2017-02-18 13:36:17	1	0	1	0
313135	2017-02-18 13:47:29	1	0	1	0
313116	2017-02-18 13:58:40	1	1	1	0
313042	2017-02-18 14:11:02	1	1	1	0
313050	2017-02-18 14:13:20	1	1	1	0
313032	2017-02-18 14:13:25	1	1	1	0
313002	2017-02-18 14:26:48	1	0	1	0
313001	2017-02-18 14:40:59	1	0	1	0
313106	2017-02-18 14:44:28	1	0	1	0
313021	2017-02-18 14:50:59	1	1	1	0
313012	2017-02-18 15:00:54	1	1	1	0
313090	2017-02-18 15:02:26	1	1	1	0
313017	2017-02-18 15:03:39	1	1	1	0
313017	2017-02-18 15:03:54	1	1	1	0
314016	2017-02-18 15:30:13	1	1	1	0
313025	2017-02-18 15:53:13	1	1	1	0
313060	2017-02-18 16:16:40	1	1	1	0
311191	2017-02-18 16:24:57	1	1	1	0
311038	2017-02-18 16:29:45	1	1	1	0
313023	2017-02-18 16:29:51	1	1	1	0
313108	2017-02-18 16:30:43	1	1	1	0
311329	2017-02-18 16:38:24	1	1	1	0
312070	2017-02-18 16:41:32	1	1	1	0
311211	2017-02-18 16:41:42	1	1	1	0
311325	2017-02-18 16:41:53	1	1	1	0
311083	2017-02-18 16:44:16	1	1	1	0
311333	2017-02-18 16:44:48	1	1	1	0
311219	2017-02-18 16:44:54	1	1	1	0
313081	2017-02-18 16:45:23	1	1	1	0
311098	2017-02-18 16:57:59	1	1	1	0
312026	2017-02-18 16:59:22	1	1	1	0
312075	2017-02-18 16:59:27	1	1	1	0
313006	2017-02-18 17:00:13	1	1	1	0
312087	2017-02-18 17:00:43	1	1	1	0
314009	2017-02-18 17:01:56	1	1	1	0
311232	2017-02-18 17:02:40	1	1	1	0
311334	2017-02-18 17:03:03	1	1	1	0
311334	2017-02-18 17:03:07	1	1	1	0
311301	2017-02-18 17:03:12	1	1	1	0
311345	2017-02-18 17:03:14	1	1	1	0
311328	2017-02-18 17:03:22	1	1	1	0
312089	2017-02-18 17:06:12	1	1	1	0
312041	2017-02-18 17:07:03	1	1	1	0
312077	2017-02-18 17:07:31	1	1	1	0
312020	2017-02-18 17:09:48	1	1	1	0
314022	2017-02-18 17:09:58	1	1	1	0
312088	2017-02-18 17:10:19	1	1	1	0
313009	2017-02-18 17:10:58	1	1	1	0
312088	2017-02-18 17:11:21	1	1	1	0
312066	2017-02-18 17:12:01	1	1	1	0
312090	2017-02-18 17:17:34	1	1	1	0
315002	2017-02-18 17:17:50	1	1	1	0
313097	2017-02-18 17:22:42	1	1	1	0
311337	2017-02-18 17:25:13	1	1	1	0
313014	2017-02-18 17:25:25	1	1	1	0
313022	2017-02-18 17:25:58	1	1	1	0
311222	2017-02-18 17:27:50	1	1	1	0
311340	2017-02-18 17:32:11	1	1	1	0
311004	2017-02-18 17:32:24	1	1	1	0
311089	2017-02-18 17:36:27	1	1	1	0
313051	2017-02-18 17:36:51	1	1	1	0
311018	2017-02-18 17:38:04	1	1	1	0
311057	2017-02-18 17:38:09	1	1	1	0
313011	2017-02-18 17:39:13	1	1	1	0
313058	2017-02-18 17:42:20	1	1	1	0
313094	2017-02-18 17:50:07	1	1	1	0
311066	2017-02-18 18:23:52	1	1	1	0
314017	2017-02-18 18:31:10	1	1	1	0
312057	2017-02-18 18:35:18	1	1	1	0
313057	2017-02-18 18:37:48	1	1	1	0
313073	2017-02-18 18:39:41	1	0	1	0
311336	2017-02-18 18:45:57	1	1	1	0
313119	2017-02-18 18:46:01	1	0	1	0
314008	2017-02-18 18:54:43	1	0	1	0
314020	2017-02-18 18:55:21	1	0	1	0
314020	2017-02-18 18:55:25	1	0	1	0
314006	2017-02-18 19:00:58	1	1	1	0
314018	2017-02-18 19:03:07	1	1	1	0
314018	2017-02-18 19:03:17	1	1	1	0
314020	2017-02-18 19:03:22	1	0	1	0
312078	2017-02-18 19:14:00	1	1	1	0
311090	2017-02-18 19:40:46	1	1	1	0
311005	2017-02-18 19:40:58	1	1	1	0
313098	2017-02-18 19:44:53	1	1	1	0
312081	2017-02-18 19:45:15	1	1	1	0
313036	2017-02-18 19:46:10	1	1	1	0
313130	2017-02-18 20:49:33	1	1	1	0
313135	2017-02-18 20:51:40	1	1	1	0
313063	2017-02-18 20:52:33	1	1	1	0
313001	2017-02-18 20:53:06	1	1	1	0
313002	2017-02-18 20:53:30	1	1	1	0
313106	2017-02-18 20:53:56	1	1	1	0
313096	2017-02-18 20:54:12	1	1	1	0
312023	2017-02-18 20:56:30	1	1	1	0
312085	2017-02-18 21:00:07	1	1	1	0
312084	2017-02-18 21:00:13	1	1	1	0
312071	2017-02-18 21:00:17	1	1	1	0
313073	2017-02-19 02:22:47	1	1	1	0
314021	2017-02-19 06:44:46	1	0	1	0
314020	2017-02-19 07:00:10	1	1	1	0
314020	2017-02-19 07:00:13	1	1	1	0
314008	2017-02-19 07:00:21	1	1	1	0
313126	2017-02-19 16:08:08	1	0	1	0
314006	2017-02-19 18:34:55	1	0	1	0
314020	2017-02-19 18:55:02	1	0	1	0
314020	2017-02-19 18:55:07	1	0	1	0
314018	2017-02-19 19:01:56	1	1	1	0
313126	2017-02-20 03:49:37	1	1	1	0
313009	2017-02-20 06:30:09	1	0	1	0
313007	2017-02-20 06:50:17	1	0	1	0
314021	2017-02-20 06:50:43	1	0	1	0
314019	2017-02-20 06:55:26	1	0	1	0
313130	2017-02-20 06:57:27	1	0	1	0
313021	2017-02-20 06:58:44	1	0	1	0
313032	2017-02-20 06:59:33	1	0	1	0
313012	2017-02-20 06:59:43	1	0	1	0
314020	2017-02-20 07:00:44	1	1	1	0
314006	2017-02-20 07:00:54	1	1	1	0
314009	2017-02-20 07:01:52	1	0	1	0
313017	2017-02-20 07:02:35	1	0	1	0
313023	2017-02-20 07:03:17	1	0	1	0
313094	2017-02-20 07:04:41	1	0	1	0
313048	2017-02-20 07:06:33	1	0	1	0
313014	2017-02-20 07:09:31	1	0	1	0
313050	2017-02-20 07:12:31	1	0	1	0
313011	2017-02-20 07:13:48	1	0	1	0
313006	2017-02-20 07:13:53	1	0	1	0
313022	2017-02-20 07:15:44	1	0	1	0
313090	2017-02-20 07:16:49	1	0	1	0
311057	2017-02-20 07:17:21	1	0	1	0
313060	2017-02-20 07:27:25	1	0	1	0
313042	2017-02-20 07:27:30	1	0	1	0
313116	2017-02-20 07:33:10	1	0	1	0
313095	2017-02-20 07:34:27	1	0	1	0
313081	2017-02-20 07:36:20	1	0	1	0
312075	2017-02-20 07:38:41	1	0	1	0
312090	2017-02-20 07:39:07	1	0	1	0
311232	2017-02-20 07:40:28	1	0	1	0
311090	2017-02-20 07:45:57	1	0	1	0
311090	2017-02-20 07:46:01	1	0	1	0
312089	2017-02-20 07:47:15	1	0	1	0
313025	2017-02-20 07:47:35	1	0	1	0
313025	2017-02-20 07:47:37	1	0	1	0
312026	2017-02-20 07:48:03	1	0	1	0
311089	2017-02-20 07:49:20	1	0	1	0
311191	2017-02-20 07:50:57	1	0	1	0
311222	2017-02-20 07:51:01	1	0	1	0
311333	2017-02-20 07:51:22	1	0	1	0
311038	2017-02-20 07:52:29	1	0	1	0
311098	2017-02-20 07:52:44	1	0	1	0
311334	2017-02-20 07:53:35	1	0	1	0
311334	2017-02-20 07:53:39	1	0	1	0
312070	2017-02-20 07:53:48	1	0	1	0
311083	2017-02-20 07:54:45	1	0	1	0
313097	2017-02-20 07:55:09	1	0	1	0
311337	2017-02-20 07:55:19	1	0	1	0
312088	2017-02-20 07:55:26	1	0	1	0
311325	2017-02-20 07:56:38	1	0	1	0
313108	2017-02-20 07:57:55	1	0	1	0
311018	2017-02-20 07:57:59	1	0	1	0
312081	2017-02-20 07:58:19	1	0	1	0
311345	2017-02-20 07:58:26	1	0	1	0
311211	2017-02-20 07:58:45	1	0	1	0
315002	2017-02-20 08:01:14	1	0	1	0
312087	2017-02-20 08:01:23	1	0	1	0
312066	2017-02-20 08:01:46	1	0	1	0
311329	2017-02-20 08:03:17	1	0	1	0
312077	2017-02-20 08:05:31	1	0	1	0
311301	2017-02-20 08:06:07	1	0	1	0
311004	2017-02-20 08:07:20	1	0	1	0
313058	2017-02-20 08:07:49	1	0	1	0
311341	2017-02-20 08:10:48	1	0	1	0
311328	2017-02-20 08:14:01	1	0	1	0
311340	2017-02-20 08:14:40	1	0	1	0
312020	2017-02-20 08:16:24	1	0	1	0
314022	2017-02-20 08:19:22	1	0	1	0
311066	2017-02-20 08:23:46	1	0	1	0
313057	2017-02-20 08:25:46	1	0	1	0
 31125	2017-02-20 08:32:57	1	0	1	0
311336	2017-02-20 08:33:01	1	0	1	0
312023	2017-02-20 08:41:55	1	1	1	0
312023	2017-02-20 08:41:58	1	1	1	0
313036	2017-02-20 09:44:52	1	0	1	0
313098	2017-02-20 09:48:03	1	0	1	0
313007	2017-02-20 09:49:38	1	1	1	0
312078	2017-02-20 11:00:46	1	0	1	0
312085	2017-02-20 11:03:50	1	0	1	0
312057	2017-02-20 11:14:16	1	0	1	0
312071	2017-02-20 11:17:55	1	0	1	0
313060	2017-02-20 11:41:45	1	0	1	0
314016	2017-02-20 12:05:01	1	0	1	0
312084	2017-02-20 12:12:27	1	0	1	0
313023	2017-02-20 12:27:52	1	1	1	0
313032	2017-02-20 12:33:17	1	1	1	0
313006	2017-02-20 12:36:25	1	1	1	0
313050	2017-02-20 12:41:01	1	1	1	0
313009	2017-02-20 12:43:12	1	1	1	0
313048	2017-02-20 13:03:52	1	1	1	0
313014	2017-02-20 13:16:07	1	1	1	0
313022	2017-02-20 13:16:35	1	1	1	0
313116	2017-02-20 13:24:28	1	1	1	0
313012	2017-02-20 13:25:49	1	1	1	0
313017	2017-02-20 13:25:53	1	1	1	0
313095	2017-02-20 13:29:08	1	1	1	0
313042	2017-02-20 13:39:42	1	1	1	0
313011	2017-02-20 13:39:49	1	1	1	0
313090	2017-02-20 13:51:27	1	1	1	0
313021	2017-02-20 14:02:20	1	1	1	0
313106	2017-02-20 15:18:43	1	0	1	0
313081	2017-02-20 15:27:37	1	1	1	0
313063	2017-02-20 15:31:53	1	0	1	0
313013	2017-02-20 15:53:55	1	0	1	0
313135	2017-02-20 15:54:01	1	0	1	0
313130	2017-02-20 16:00:43	1	1	1	0
311038	2017-02-20 16:10:59	1	1	1	0
313001	2017-02-20 16:13:06	1	1	1	0
311018	2017-02-20 16:33:13	1	1	1	0
311232	2017-02-20 16:33:23	1	1	1	0
312041	2017-02-20 16:36:33	1	1	1	0
312088	2017-02-20 16:37:46	1	1	1	0
311328	2017-02-20 16:39:07	1	1	1	0
311029	2017-02-20 16:39:39	1	1	1	0
312070	2017-02-20 16:44:23	1	1	1	0
311211	2017-02-20 16:44:30	1	1	1	0
311083	2017-02-20 16:45:15	1	1	1	0
311301	2017-02-20 16:45:19	1	1	1	0
311334	2017-02-20 16:45:24	1	1	1	0
311334	2017-02-20 16:45:28	1	1	1	0
311191	2017-02-20 16:46:01	1	1	1	0
313097	2017-02-20 16:49:09	1	1	1	0
311057	2017-02-20 16:49:41	1	1	1	0
311345	2017-02-20 16:51:16	1	1	1	0
313007	2017-02-20 16:53:55	1	0	1	0
311329	2017-02-20 16:54:25	1	0	1	0
313025	2017-02-20 16:57:12	1	0	1	0
312020	2017-02-20 16:59:38	1	1	1	0
312081	2017-02-20 17:00:55	1	1	1	0
313058	2017-02-20 17:01:40	1	1	1	0
312090	2017-02-20 17:02:46	1	1	1	0
314022	2017-02-20 17:04:18	1	1	1	0
311341	2017-02-20 17:04:41	1	1	1	0
312026	2017-02-20 17:04:56	1	1	1	0
312087	2017-02-20 17:06:03	1	1	1	0
312075	2017-02-20 17:06:36	1	1	1	0
313108	2017-02-20 17:08:51	1	1	1	0
311325	2017-02-20 17:11:14	1	1	1	0
313057	2017-02-20 17:12:52	1	1	1	0
312089	2017-02-20 17:16:54	1	1	1	0
314009	2017-02-20 17:18:49	1	1	1	0
311089	2017-02-20 17:19:04	1	1	1	0
311098	2017-02-20 17:22:58	1	1	1	0
311098	2017-02-20 17:23:03	1	1	1	0
311219	2017-02-20 17:23:44	1	1	1	0
315002	2017-02-20 17:26:22	1	1	1	0
311333	2017-02-20 17:29:21	1	1	1	0
313002	2017-02-20 17:33:05	1	0	1	0
312077	2017-02-20 17:33:10	1	0	1	0
311337	2017-02-20 17:42:57	1	0	1	0
313094	2017-02-20 17:44:36	1	1	1	0
311023	2017-02-20 17:52:53	1	1	1	0
311340	2017-02-20 17:54:20	1	1	1	0
312066	2017-02-20 18:06:18	1	1	1	0
311336	2017-02-20 18:17:45	1	1	1	0
311004	2017-02-20 18:28:28	1	1	1	0
314006	2017-02-20 18:46:10	1	0	1	0
314018	2017-02-20 18:50:53	1	0	1	0
311066	2017-02-20 18:59:56	1	1	1	0
314019	2017-02-20 19:00:57	1	1	1	0
314021	2017-02-20 19:02:16	1	1	1	0
313120	2017-02-20 19:02:50	1	0	1	0
313119	2017-02-20 19:13:57	1	0	1	0
313126	2017-02-20 19:25:13	1	0	1	0
313098	2017-02-20 19:38:55	1	1	1	0
312078	2017-02-20 19:45:07	1	1	1	0
313036	2017-02-20 19:45:27	1	1	1	0
311005	2017-02-20 20:24:45	1	1	1	0
311090	2017-02-20 20:24:51	1	1	1	0
311090	2017-02-20 20:25:01	1	1	1	0
313073	2017-02-20 20:52:46	1	0	1	0
313007	2017-02-20 22:08:12	1	1	1	0
314016	2017-02-20 22:32:23	1	1	1	0
312023	2017-02-20 22:33:10	1	1	1	0
312057	2017-02-20 22:34:36	1	1	1	0
312085	2017-02-20 22:36:23	1	1	1	0
312084	2017-02-20 22:37:51	1	1	1	0
312071	2017-02-20 22:39:27	1	1	1	0
313013	2017-02-21 00:02:58	1	1	1	0
313063	2017-02-21 01:34:17	1	1	1	0
313106	2017-02-21 01:34:42	1	1	1	0
313135	2017-02-21 01:35:42	1	1	1	0
313002	2017-02-21 01:36:29	1	1	1	0
313073	2017-02-21 04:21:44	1	1	1	0
314017	2017-02-21 06:19:16	1	0	1	0
314008	2017-02-21 06:20:42	1	0	1	0
313009	2017-02-21 06:38:08	1	0	1	0
314019	2017-02-21 06:49:25	1	0	1	0
313021	2017-02-21 06:49:48	1	0	1	0
313060	2017-02-21 06:50:47	1	0	1	0
313130	2017-02-21 06:53:22	1	0	1	0
313060	2017-02-21 06:54:14	1	0	1	0
313007	2017-02-21 06:57:42	1	0	1	0
313050	2017-02-21 06:59:06	1	0	1	0
314009	2017-02-21 06:59:22	1	0	1	0
313012	2017-02-21 06:59:30	1	0	1	0
314006	2017-02-21 07:00:10	1	1	1	0
314018	2017-02-21 07:00:21	1	1	1	0
313017	2017-02-21 07:06:00	1	1	1	0
313023	2017-02-21 07:07:40	1	0	1	0
313095	2017-02-21 07:09:34	1	0	1	0
313090	2017-02-21 07:12:31	1	0	1	0
313011	2017-02-21 07:12:43	1	0	1	0
313006	2017-02-21 07:12:46	1	0	1	0
313022	2017-02-21 07:16:11	1	0	1	0
313014	2017-02-21 07:17:11	1	0	1	0
313048	2017-02-21 07:17:22	1	0	1	0
313042	2017-02-21 07:23:09	1	0	1	0
313116	2017-02-21 07:25:05	1	0	1	0
313051	2017-02-21 07:25:33	1	0	1	0
313032	2017-02-21 07:31:43	1	0	1	0
311232	2017-02-21 07:38:04	1	0	1	0
312075	2017-02-21 07:39:01	1	0	1	0
312090	2017-02-21 07:39:31	1	0	1	0
311090	2017-02-21 07:41:59	1	0	1	0
311090	2017-02-21 07:42:07	1	0	1	0
313097	2017-02-21 07:43:56	1	0	1	0
312081	2017-02-21 07:44:12	1	0	1	0
313002	2017-02-21 07:44:49	1	0	1	0
313081	2017-02-21 07:45:48	1	0	1	0
312070	2017-02-21 07:46:02	1	0	1	0
313058	2017-02-21 07:46:39	1	0	1	0
311089	2017-02-21 07:47:00	1	0	1	0
312089	2017-02-21 07:47:36	1	0	1	0
311325	2017-02-21 07:47:47	1	0	1	0
311333	2017-02-21 07:48:07	1	0	1	0
312087	2017-02-21 07:51:12	1	0	1	0
311191	2017-02-21 07:51:25	1	0	1	0
311334	2017-02-21 07:52:16	1	0	1	0
311334	2017-02-21 07:52:20	1	0	1	0
311301	2017-02-21 07:52:49	1	0	1	0
311038	2017-02-21 07:53:01	1	0	1	0
312026	2017-02-21 07:53:38	1	0	1	0
313057	2017-02-21 07:53:43	1	0	1	0
313108	2017-02-21 07:56:30	1	0	1	0
312041	2017-02-21 07:56:58	1	0	1	0
311345	2017-02-21 07:58:16	1	0	1	0
313025	2017-02-21 07:58:46	1	0	1	0
312088	2017-02-21 07:58:59	1	0	1	0
312077	2017-02-21 07:59:04	1	0	1	0
311340	2017-02-21 08:00:23	1	0	1	0
312078	2017-02-21 08:01:29	1	0	1	0
311098	2017-02-21 08:03:04	1	0	1	0
311329	2017-02-21 08:03:59	1	0	1	0
312066	2017-02-21 08:04:25	1	0	1	0
315002	2017-02-21 08:04:39	1	0	1	0
311337	2017-02-21 08:05:34	1	0	1	0
311018	2017-02-21 08:05:41	1	0	1	0
311005	2017-02-21 08:07:40	1	0	1	0
311083	2017-02-21 08:07:55	1	0	1	0
311057	2017-02-21 08:08:56	1	0	1	0
311336	2017-02-21 08:09:02	1	0	1	0
311219	2017-02-21 08:09:36	1	0	1	0
311341	2017-02-21 08:11:42	1	0	1	0
313119	2017-02-21 08:12:20	1	1	1	0
312020	2017-02-21 08:15:20	1	7	1	0
312020	2017-02-21 08:15:31	1	0	1	0
 31125	2017-02-21 08:19:44	1	0	1	0
311066	2017-02-21 08:42:42	1	0	1	0
312023	2017-02-21 08:48:46	1	0	1	0
313007	2017-02-21 09:04:49	1	1	1	0
313036	2017-02-21 09:38:29	1	0	1	0
313098	2017-02-21 09:50:49	1	0	1	0
312071	2017-02-21 11:07:27	1	0	1	0
312085	2017-02-21 11:12:24	1	0	1	0
312084	2017-02-21 11:22:34	1	0	1	0
312078	2017-02-21 12:03:25	1	1	1	0
314016	2017-02-21 12:16:46	1	1	1	0
314016	2017-02-21 12:16:56	1	0	1	0
